{"version":"articulated-parts@0.0.1","modelId":"p5d.s__1519","metadata":{"connectivity":{"minDist":0.001,"maxDist":0.05,"minConnDist":0.001,"maxConnDist":0.05,"maxConnRelDist":0,"partsAnnId":27114,"condensed":true}},"parts":[null,{"pid":1,"label":"static","name":"static","obb":{"centroid":[0.02560022952255428,0.08834319934248924,0.01296907222103881],"axesLengths":[0.5766111913807109,0.05127760022878647,0.5463933812876729],"normalizedAxes":[0.30576282476120475,0,-0.9521077118656528,0,1,0,0.9521077118656528,0,0.30576282476120475],"metadata":{"constrainVertical":true},"min":[-0.3226655798283624,0.06270439922809601,-0.34506230065644194],"max":[0.3738660388734709,0.11398199945688248,0.3710004450985196]},"sourcePartIds":[1]},{"pid":2,"label":"seat","name":"seat 1","obb":{"centroid":[0,0.5271449834108353,0.01837800443172455],"axesLengths":[0.48987001180648804,0.2817619740962982,0.4529320001602173],"normalizedAxes":[-1,0,0,0,1,0,0,0,-1],"metadata":{"constrainVertical":true},"min":[-0.24493500590324402,0.38626399636268616,-0.2080879956483841],"max":[0.24493500590324402,0.6680259704589844,0.2448440045118332]},"baseIds":[14],"sourcePartIds":[1,22,21],"articulationIds":[0]},{"pid":3,"label":"wheel","name":"wheel 1","obb":{"centroid":[-0.15641089043886552,0.02403067856459984,-0.21379652798703902],"axesLengths":[0.05483583990872743,0.04806024463118774,0.05053812516262539],"normalizedAxes":[-0.8058329718730751,0,0.5921429062668974,0,1,0,-0.5921429062668975,0,-0.8058329718730753],"min":[-0.19346805051380714,5.562490059674019e-7,-0.250394498588955],"max":[-0.11935373036392391,0.04806080088019371,-0.177198557385123]},"baseIds":[11],"sourcePartIds":[4],"articulationIds":[1]},{"pid":4,"label":"wheel","name":"wheel 2","obb":{"centroid":[-0.253124532768649,0.02403068511461015,0.08725821230560911],"axesLengths":[0.05519399080621436,0.04806023153116712,0.05020952383716324],"normalizedAxes":[-0.3055923545810235,0,-0.9521624403543892,0,1,0,0.9521624403543895,0,-0.3055923545810236],"min":[-0.2854617749461588,5.69349026591226e-7,0.053309566510242344],"max":[-0.22078729059113916,0.04806080088019371,0.12120685810097587]},"baseIds":[12],"sourcePartIds":[5],"articulationIds":[2]},{"pid":5,"label":"wheel","name":"wheel 3","obb":{"centroid":[-0.000016549675001625267,0.024030689365105218,0.2733504018870984],"axesLengths":[0.0546133005857518,0.048060223030176985,0.050744012759600735],"normalizedAxes":[-0.9999999835390749,0,-0.00018144379279052785,0,1,0,0.00018144379279052785,0,-0.9999999835390749],"min":[-0.027327803111453056,5.778500167252787e-7,0.2479734413027472],"max":[0.027294703761449806,0.04806080088019371,0.29872736247144965]},"baseIds":[8],"sourcePartIds":[6],"articulationIds":[3]},{"pid":6,"label":"wheel","name":"wheel 4","obb":{"centroid":[0.25312561988925025,0.024030685021102727,0.08730723904728924],"axesLengths":[0.05519378517186286,0.04806023171818197,0.050210137889692495],"normalizedAxes":[0.30592917233523,0,-0.9520542744582795,0,1,0,0.9520542744582797,0,0.30592917233523004],"min":[0.22078153718190133,5.691620117431739e-7,0.05335312653537152],"max":[0.2854697025965992,0.04806080088019371,0.12126135155920695]},"baseIds":[9],"sourcePartIds":[7],"articulationIds":[4]},{"pid":7,"label":"wheel","name":"wheel 5","obb":{"centroid":[0.1564689997512141,0.02403067850659113,-0.21376599760897247],"axesLengths":[0.05483645783666409,0.04806024474720516,0.05053742072729913],"normalizedAxes":[-0.8056305124004768,0,-0.5924183298053369,0,1,0,0.592418329805337,0,-0.805630512400477],"min":[0.11941039074865659,5.56132988549507e-7,-0.25036630306895735],"max":[0.1935276087537716,0.04806080088019371,-0.17716569214898759]},"baseIds":[10],"sourcePartIds":[8],"articulationIds":[5]},{"pid":8,"label":"caster","name":"caster 1","obb":{"centroid":[-0.000017293443190836283,0.04157970007508993,0.27711085744043085],"axesLengths":[0.06577903134584014,0.04182899929583073,0.0378756296797665],"normalizedAxes":[-0.00017637201430491164,0,0.9999999844464562,0,1,0,-0.9999999844464562,0,-0.00017637201430491164],"metadata":{"constrainVertical":true},"min":[-0.018960908778652703,0.020665200427174568,0.24421800217850945],"max":[0.01892632189227103,0.062494199723005295,0.3100037127023522]},"baseIds":[1],"childIds":[5],"sourcePartIds":[8],"articulationIds":[6]},{"pid":9,"label":"caster","name":"caster 2","obb":{"centroid":[0.25662374952847056,0.04157970007508993,0.08845996961031184],"axesLengths":[0.06526996704327846,0.04182899929583073,0.03827960022367583],"normalizedAxes":[-0.9499714878308634,0,-0.3123366329914183,0,1,0,0.3123366329914183,0,-0.9499714878308634],"metadata":{"constrainVertical":true},"min":[0.219643384954023,0.020665200427174568,0.060084604350404636],"max":[0.2936041141029181,0.062494199723005295,0.11683533487021905]},"baseIds":[1],"childIds":[6],"sourcePartIds":[9],"articulationIds":[7]},{"pid":10,"label":"caster","name":"caster 3","obb":{"centroid":[0.15861833631411867,0.04157970007508993,-0.21675782004865504],"axesLengths":[0.06581297654343692,0.04182899929583073,0.038027755502444624],"normalizedAxes":[0.5834383629451728,0,-0.8121574210975708,0,1,0,0.8121574210975708,0,0.5834383629451728],"metadata":{"constrainVertical":true},"min":[0.12397716674709554,0.020665200427174568,-0.25457649440920416],"max":[0.19325950588114182,0.062494199723005295,-0.17893914568810593]},"baseIds":[1],"childIds":[7],"sourcePartIds":[10],"articulationIds":[8]},{"pid":11,"label":"caster","name":"caster 4","obb":{"centroid":[-0.15855627350104076,0.04157970007508993,-0.2167939859199967],"axesLengths":[0.06580286384278382,0.04182899929583073,0.038033434644837855],"normalizedAxes":[0.5834680828571672,0,0.8121360700566019,0,1,0,-0.8121360700566019,0,0.5834680828571672],"metadata":{"constrainVertical":true},"min":[-0.19319737097907752,0.020665200427174568,-0.2546100731382192],"max":[-0.123915176023004,0.062494199723005295,-0.17897789870177422]},"baseIds":[1],"childIds":[3],"sourcePartIds":[11],"articulationIds":[9]},{"pid":12,"label":"caster","name":"caster 5","obb":{"centroid":[-0.2566233237159718,0.04157970007508993,0.08840776019756069],"axesLengths":[0.06527340050250338,0.04182899929583073,0.03827795173599597],"normalizedAxes":[0.9500358528476757,0,-0.31214079884563223,0,1,0,0.3121407988456323,0,0.9500358528476759],"metadata":{"constrainVertical":true},"min":[-0.29360341428982784,0.020665200427174568,0.06003780124806499],"max":[-0.21964323314211578,0.062494199723005295,0.1167777191470564]},"baseIds":[1],"childIds":[4],"sourcePartIds":[12],"articulationIds":[10]},{"pid":13,"label":"lever","name":"lever 1","obb":{"centroid":[-0.10324620467648891,0.3294115814388126,-0.03827799086275922],"axesLengths":[0.16606480178862648,0.014865205219983035,0.04851920343935411],"normalizedAxes":[0.8687527355801041,0.4952460847114834,1.7764485908819245e-7,0.49524608471149567,-0.8687527355801146,-2.836509495567853e-8,1.4028175507534204e-7,1.1262017477028789e-7,-0.9999999999999839],"min":[-0.17906180084020168,0.2818330134096791,-0.06253760754354153],"max":[-0.027430608512776164,0.3769901494679461,-0.014018374181976923]},"baseIds":[14],"sourcePartIds":[15],"articulationIds":[11]},{"pid":14,"label":"gas lift piece","name":"gas lift piece 2","obb":{"centroid":[0.000008624316494754133,0.42589423297752077,-0.10811787590732315],"axesLengths":[0.07566838890926483,0.6794692800931114,0.3482607398749166],"normalizedAxes":[-0.9999999999997895,5.748183436178461e-7,3.008510362144e-7,2.9772859447450276e-7,0.8185803825652421,-0.5743919892192557,-5.764418081499054e-7,-0.5743919892190452,-0.8185803825652409],"metadata":{"constrainVertical":false},"min":[-0.03782577166287187,0.04777501003793244,-0.44579844783244027],"max":[0.037843020295861375,0.804013455917109,0.229562696017794]},"baseIds":[1],"childIds":[2,13,15,16],"sourcePartIds":[16,3,2,20,18],"articulationIds":[12]},{"pid":15,"label":"knob","name":"knob 1","obb":{"centroid":[0.00000860169529914856,0.337973490357399,-0.12350910529494286],"axesLengths":[0.06710780411958694,0.03930899500846863,0.06308159977197647],"normalizedAxes":[0,0,1,0,1,0,-1,0,0],"min":[-0.03153219819068909,0.3183189928531647,-0.15706300735473633],"max":[0.031549401581287384,0.3576279878616333,-0.08995520323514938]},"baseIds":[14],"sourcePartIds":[17],"articulationIds":[13]},{"pid":16,"label":"backrest","name":"backrest 1","obb":{"centroid":[-0.0002705007791519165,0.7237469851970673,-0.23088650405406952],"axesLengths":[0.3675270080566406,0.29486197233200073,0.10151901841163635],"normalizedAxes":[-1,0,0,0,1,0,0,0,-1],"min":[-0.18403400480747223,0.5763159990310669,-0.2816460132598877],"max":[0.1834930032491684,0.8711779713630676,-0.18012699484825134]},"baseIds":[14],"sourcePartIds":[19],"articulationIds":[14]}],"sourceParts":[null,{"pid":1,"label":"seat","name":"seat 1","obb":{"centroid":[0.000012584471806492692,0.4335844963788986,0.018378004569167036],"axesLengths":[0.452931999898898,0.09464100003242493,0.4048150030423131],"normalizedAxes":[0.00003396911612824036,0,-0.9999999994230496,0,1,0,0.9999999994230496,0,0.00003396911612824036],"metadata":{"constrainVertical":true},"min":[-0.20240260978242236,0.38626399636268616,-0.20809487085354672],"max":[0.20242777872603535,0.4809049963951111,0.24485087999188077]},"baseIds":[2],"childIds":[22,21]},{"pid":2,"label":"gas lift mechanism","name":"gas lift mechanism 1","obb":{"centroid":[0.000008499249815940857,0.3702089935541153,-0.03508500009775162],"axesLengths":[0.33173398673534393,0.042026013135910034,0.07097059860825539],"normalizedAxes":[0,0,1,0,1,0,-1,0,0],"metadata":{"constrainVertical":true},"min":[-0.03547680005431175,0.3491959869861603,-0.20095199346542358],"max":[0.035493798553943634,0.3912220001220703,0.13078199326992035]}},{"pid":3,"label":"gas lift piece","name":"gas lift piece 1","obb":{"centroid":[0.000008548824218662654,0.23709149658679962,0.004070595537222388],"axesLengths":[0.07084989382785949,0.16266098618507385,0.07002690116335178],"normalizedAxes":[-0.37888055908384144,0,-0.9254455802197749,0,1,0,0.9254455802197749,0,-0.37888055908384144],"metadata":{"constrainVertical":true},"min":[-0.0458163179571019,0.1557610034942627,-0.04197918074563386],"max":[0.045833415605539225,0.31842198967933655,0.050120371820078634]}},{"pid":4,"label":"wheel","name":"wheel 1","obb":{"centroid":[-0.15641089043886552,0.02403067856459984,-0.21379652798703902],"axesLengths":[0.05483583990872743,0.04806024463118774,0.05053812516262539],"normalizedAxes":[-0.8058329718730751,0,0.5921429062668974,0,1,0,-0.5921429062668975,0,-0.8058329718730753],"metadata":{"constrainVertical":true},"min":[-0.19346805051380714,5.562490059674019e-7,-0.250394498588955],"max":[-0.11935373036392391,0.04806080088019371,-0.177198557385123]},"baseIds":[13]},{"pid":5,"label":"wheel","name":"wheel 2","obb":{"centroid":[-0.253124532768649,0.02403068511461015,0.08725821230560911],"axesLengths":[0.05519399080621436,0.04806023153116712,0.05020952383716324],"normalizedAxes":[-0.3055923545810235,0,-0.9521624403543892,0,1,0,0.9521624403543895,0,-0.3055923545810236],"metadata":{"constrainVertical":true},"min":[-0.2854617749461588,5.69349026591226e-7,0.053309566510242344],"max":[-0.22078729059113916,0.04806080088019371,0.12120685810097587]},"baseIds":[14]},{"pid":6,"label":"wheel","name":"wheel 3","obb":{"centroid":[-0.000016549675001625267,0.024030689365105218,0.2733504018870984],"axesLengths":[0.0546133005857518,0.048060223030176985,0.050744012759600735],"normalizedAxes":[-0.9999999835390749,0,-0.00018144379279052785,0,1,0,0.00018144379279052785,0,-0.9999999835390749],"metadata":{"constrainVertical":true},"min":[-0.027327803111453056,5.778500167252787e-7,0.2479734413027472],"max":[0.027294703761449806,0.04806080088019371,0.29872736247144965]},"baseIds":[10]},{"pid":7,"label":"wheel","name":"wheel 4","obb":{"centroid":[0.25312561988925025,0.024030685021102727,0.08730723904728924],"axesLengths":[0.05519378517186286,0.04806023171818197,0.050210137889692495],"normalizedAxes":[0.30592917233523,0,-0.9520542744582795,0,1,0,0.9520542744582797,0,0.30592917233523004],"metadata":{"constrainVertical":true},"min":[0.22078153718190133,5.691620117431739e-7,0.05335312653537152],"max":[0.2854697025965992,0.04806080088019371,0.12126135155920695]},"baseIds":[11]},{"pid":8,"label":"wheel","name":"wheel 5","obb":{"centroid":[0.1564689997512141,0.02403067850659113,-0.21376599760897247],"axesLengths":[0.05483645783666409,0.04806024474720516,0.05053742072729913],"normalizedAxes":[-0.8056305124004768,0,-0.5924183298053369,0,1,0,0.592418329805337,0,-0.805630512400477],"metadata":{"constrainVertical":true},"min":[0.11941039074865659,5.56132988549507e-7,-0.25036630306895735],"max":[0.1935276087537716,0.04806080088019371,-0.17716569214898759]},"baseIds":[12]},{"pid":9,"label":"base","name":"base 1","obb":{"centroid":[0.02560022952255428,0.08834319934248924,0.01296907222103881],"axesLengths":[0.5766111913807109,0.05127760022878647,0.5463933812876729],"normalizedAxes":[0.30576282476120475,0,-0.9521077118656528,0,1,0,0.9521077118656528,0,0.30576282476120475],"metadata":{"constrainVertical":true},"min":[-0.3226655798283624,0.06270439922809601,-0.34506230065644194],"max":[0.3738660388734709,0.11398199945688248,0.3710004450985196]}},{"pid":10,"label":"caster","name":"caster 1","obb":{"centroid":[-0.000017293443190836283,0.04157970007508993,0.27711085744043085],"axesLengths":[0.06577903134584014,0.04182899929583073,0.0378756296797665],"normalizedAxes":[-0.00017637201430491164,0,0.9999999844464562,0,1,0,-0.9999999844464562,0,-0.00017637201430491164],"metadata":{"constrainVertical":true},"min":[-0.018960908778652703,0.020665200427174568,0.24421800217850945],"max":[0.01892632189227103,0.062494199723005295,0.3100037127023522]},"baseIds":[9],"childIds":[6]},{"pid":11,"label":"caster","name":"caster 2","obb":{"centroid":[0.25662374952847056,0.04157970007508993,0.08845996961031184],"axesLengths":[0.06526996704327846,0.04182899929583073,0.03827960022367583],"normalizedAxes":[-0.9499714878308634,0,-0.3123366329914183,0,1,0,0.3123366329914183,0,-0.9499714878308634],"metadata":{"constrainVertical":true},"min":[0.219643384954023,0.020665200427174568,0.060084604350404636],"max":[0.2936041141029181,0.062494199723005295,0.11683533487021905]},"baseIds":[9],"childIds":[7]},{"pid":12,"label":"caster","name":"caster 3","obb":{"centroid":[0.15861833631411867,0.04157970007508993,-0.21675782004865504],"axesLengths":[0.06581297654343692,0.04182899929583073,0.038027755502444624],"normalizedAxes":[0.5834383629451728,0,-0.8121574210975708,0,1,0,0.8121574210975708,0,0.5834383629451728],"metadata":{"constrainVertical":true},"min":[0.12397716674709554,0.020665200427174568,-0.25457649440920416],"max":[0.19325950588114182,0.062494199723005295,-0.17893914568810593]},"baseIds":[9],"childIds":[8]},null,null,{"pid":15,"label":"lever","name":"lever 1","obb":{"centroid":[-0.10324620467648891,0.3294115814388126,-0.03827799086275922],"axesLengths":[0.16606480178862648,0.014865205219983035,0.04851920343935411],"normalizedAxes":[0.8687527355801041,0.4952460847114834,1.7764485908819245e-7,0.49524608471149567,-0.8687527355801146,-2.836509495567853e-8,1.4028175507534204e-7,1.1262017477028789e-7,-0.9999999999999839],"metadata":{"constrainVertical":false},"min":[-0.17906180084020168,0.2818330134096791,-0.06253760754354153],"max":[-0.027430608512776164,0.3769901494679461,-0.014018374181976923]},"baseIds":[2]},{"pid":16,"label":"gas lift piece","name":"gas lift piece 2","obb":{"centroid":[0.000008547734425330689,0.23213400319218636,0.0040706454415811635],"axesLengths":[0.06051772033803049,0.23920800536870956,0.05981479479066418],"normalizedAxes":[0.3788818124548632,0,0.9254450670844369,0,1,0,-0.9254450670844369,0,0.3788818124548632],"metadata":{"constrainVertical":true},"min":[-0.03913363743807345,0.11253000050783157,-0.03526363636838302],"max":[0.03915073290692411,0.35173800587654114,0.04340492725154535]},"baseIds":[9],"childIds":[3,2,1,15,17,20,18,19]},{"pid":17,"label":"knob","name":"knob 1","obb":{"centroid":[0.00000860169529914856,0.337973490357399,-0.12350910529494286],"axesLengths":[0.06710780411958694,0.03930899500846863,0.06308159977197647],"normalizedAxes":[0,0,1,0,1,0,-1,0,0],"metadata":{"constrainVertical":true},"min":[-0.03153219819068909,0.3183189928531647,-0.15706300735473633],"max":[0.031549401581287384,0.3576279878616333,-0.08995520323514938]},"baseIds":[2]},{"pid":18,"label":"back support","name":"back support 1","obb":{"centroid":[0.000006524692305489117,0.6417345488769732,-0.28427606289027335],"axesLengths":[0.07106640189450596,0.13583232318753669,0.029711979756378543],"normalizedAxes":[0.9999999999387197,-0.000010830287081301502,0.000002294686767452162,-0.000010987949581833814,-0.9962668503309562,0.08632706881911649,0.0000013511734201073858,-0.08632706883904026,-0.9962668503889076],"metadata":{"constrainVertical":false},"min":[-0.035527442585148034,0.5727890695837277,-0.304939677829028],"max":[0.03554049196975902,0.7106800281702188,-0.2636124479515187]}},{"pid":19,"label":"backrest","name":"backrest 1","obb":{"centroid":[-0.0002705007791519165,0.7237469851970673,-0.23088650405406952],"axesLengths":[0.3675270080566406,0.29486197233200073,0.10151901841163635],"normalizedAxes":[-1,0,0,0,1,0,0,0,-1],"metadata":{"constrainVertical":true},"min":[-0.18403400480747223,0.5763159990310669,-0.2816460132598877],"max":[0.1834930032491684,0.8711779713630676,-0.18012699484825134]},"baseIds":[18]},{"pid":20,"label":"height adjuster","name":"height adjuster 1","obb":{"centroid":[0.000008499249815940857,0.4748065024614334,-0.24945399165153503],"axesLengths":[0.12108999490737915,0.22114297747612,0.06693900004029274],"normalizedAxes":[0,0,1,0,1,0,-1,0,0],"metadata":{"constrainVertical":true},"min":[-0.03346100077033043,0.3642350137233734,-0.3099989891052246],"max":[0.03347799926996231,0.5853779911994934,-0.18890899419784546]}},{"pid":21,"label":"arm","name":"arm 1","obb":{"centroid":[-0.22065343895009215,0.5316238049086328,0.017250262821718328],"axesLengths":[0.05117909775821278,0.35255373130525275,0.27356653929462105],"normalizedAxes":[0.9998024477119882,0.019875598411849348,0.0001616690698134904,-0.00022114068890015035,0.0029900311751499863,0.9999955053950829,0.019875025683328194,-0.9997979897466001,0.002993835791175208],"metadata":{"constrainVertical":false},"min":[-0.24899548554006576,0.393832485963464,-0.15943945422290923],"max":[-0.19231139236011854,0.6694151238538016,0.19393997986634587]}},{"pid":22,"label":"arm","name":"arm 2","obb":{"centroid":[0.22095323903540157,0.5316454183180109,0.017249995702829927],"axesLengths":[0.05017753263584648,0.35255344896104657,0.27342570572417485],"normalizedAxes":[0.999858760506005,-0.016805790708199857,-0.0001563267989074147,0.00020659696903616546,0.0029895464762201636,0.9999955099546992,-0.016805247903207445,-0.9998543033915185,0.002992596259611157],"metadata":{"constrainVertical":false},"min":[0.19353410462124662,0.39400386003854504,-0.15943898570585785],"max":[0.2483723734495565,0.6692869765974768,0.1939389771115177]}}],"connectivityGraph":[[],[8,9,10,11,12,14],[14],[11],[12],[8],[9],[10],[5,1],[6,1],[7,1],[3,1],[4,1],[14],[2,13,1,15,16],[14],[14]],"articulations":[{"pid":2,"type":"Translation","axis":[0,1,0],"origin":[0.000012584471806492692,0.4335844963788986,0.018378004569167036],"rangeMin":-0.021013006567955017,"rangeMax":0.021013006567955017,"base":[14],"value":0},{"pid":3,"type":"Central Rotation","axis":[-0.8058329718730753,0,0.5921429062668975],"origin":[-0.15641089043886552,0.02403067856459984,-0.21379652798703902],"rangeMin":-3.141592653589793,"rangeMax":3.141592653589793,"base":[11],"value":0},{"pid":4,"type":"Central Rotation","axis":[-0.3055923545810236,0,-0.9521624403543895],"origin":[-0.253124532768649,0.02403068511461015,0.08725821230560911],"rangeMin":-3.141592653589793,"rangeMax":3.141592653589793,"base":[12],"value":0},{"pid":5,"type":"Central Rotation","axis":[-0.9999999835390749,0,-0.00018144379279052785],"origin":[-0.000016549675001625267,0.024030689365105218,0.2733504018870984],"rangeMin":-3.141592653589793,"rangeMax":3.141592653589793,"base":[8],"value":0},{"pid":6,"type":"Central Rotation","axis":[0.30592917233523004,0,-0.9520542744582797],"origin":[0.25312561988925025,0.024030685021102727,0.08730723904728924],"rangeMin":-3.141592653589793,"rangeMax":3.141592653589793,"base":[9],"value":0},{"pid":7,"type":"Central Rotation","axis":[-0.805630512400477,0,-0.592418329805337],"origin":[0.1564689997512141,0.02403067850659113,-0.21376599760897247],"rangeMin":-3.141592653589793,"rangeMax":3.141592653589793,"base":[10],"value":0},{"pid":8,"type":"Central Rotation","axis":[0,1,0],"origin":[-0.000017293443190836283,0.04157970007508993,0.27711085744043085],"rangeMin":-3.141592653589793,"rangeMax":3.141592653589793,"base":[1],"value":0},{"pid":9,"type":"Central Rotation","axis":[0,1,0],"origin":[0.25662374952847056,0.04157970007508993,0.08845996961031184],"rangeMin":-3.141592653589793,"rangeMax":3.141592653589793,"base":[1],"value":0},{"pid":10,"type":"Central Rotation","axis":[0,1,0],"origin":[0.15861833631411867,0.04157970007508993,-0.21675782004865504],"rangeMin":-3.141592653589793,"rangeMax":3.141592653589793,"base":[1],"value":0},{"pid":11,"type":"Central Rotation","axis":[0,1,0],"origin":[-0.15855627350104076,0.04157970007508993,-0.2167939859199967],"rangeMin":-3.141592653589793,"rangeMax":3.141592653589793,"base":[1],"value":0},{"pid":12,"type":"Central Rotation","axis":[0,1,0],"origin":[-0.2743288571334362,0.04157970007508993,0.094225034701833],"rangeMin":-3.141592653589793,"rangeMax":3.141592653589793,"base":[1],"value":0},{"pid":13,"type":"Hinge Rotation","axis":[0,0,1],"origin":[-0.037073327315791035,0.36934199929237366,-0.08246799178862756],"rangeMin":-0.17278759594743862,"rangeMax":0.10995574287564278,"base":[14],"value":0},{"pid":14,"type":"Central Rotation","axis":[0,1,0],"origin":[0.000008547734425330689,0.23213400319218636,0.0040706454415811635],"rangeMin":-3.141592653589793,"rangeMax":3.141592653589793,"base":[1],"value":0},{"pid":15,"type":"Central Rotation","axis":[0,1,0],"origin":[0.00000860169529914856,0.337973490357399,-0.12350910529494286],"rangeMin":-3.141592653589793,"rangeMax":3.141592653589793,"base":[14],"value":0},{"pid":16,"type":"Translation","axis":[0,1,0],"origin":[-0.0002705007791519165,0.7237469851970673,-0.23088650405406952],"rangeMin":-0.0432455503940582,"rangeMax":0.0227544496059418,"base":[14],"value":0}]}