{"version":"articulated-parts@0.0.1","modelId":"p5d.73","metadata":{"connectivity":{"minDist":0.001,"maxDist":0.05,"minConnDist":0.001,"maxConnDist":0.05,"maxConnRelDist":0,"partsAnnId":27198,"condensed":true}},"parts":[null,{"pid":1,"label":"static","name":"static","obb":{"centroid":[0,1.059999940812526,-0.3630930036306381],"axesLengths":[1.3000420331954956,2.119999889493112,0.9061860144138336],"normalizedAxes":[-1,0,0,0,1,0,0,0,-1],"metadata":{"constrainVertical":true},"min":[-0.6500210165977478,-3.9340299906598375e-9,-0.8161860108375549],"max":[0.6500210165977478,2.119999885559082,0.09000000357627869]},"sourcePartIds":[0,1,2,4,8]},{"pid":2,"label":"door","name":"door 1","obb":{"centroid":[-0.1891751250151876,1.025975026190281,-0.4935860654698342],"axesLengths":[1.0099527879840664,1.9479500502347946,0.060868708574047733],"normalizedAxes":[0.5720289803333208,0,-0.8202334092554516,0,1,0,0.8202334092554516,0,0.5720289803333208],"metadata":{"constrainVertical":true},"min":[-0.5029995309381815,0.052000001072883606,-0.925193907357353],"max":[0.12464928090780628,1.9999500513076782,-0.06197822358231536]},"baseIds":[1],"childIds":[3,4],"sourcePartIds":[5,3],"articulationIds":[0]},{"pid":3,"label":"handle","name":"handle 1","obb":{"centroid":[-0.05071931440686417,0.9051119983196259,-0.7893145088475201],"axesLengths":[0.1999693427787766,0.05600005388259888,0.07135082151075546],"normalizedAxes":[0.5729617828200844,0,-0.8195820858386489,0,1,0,0.8195820858386489,0,0.5729617828200844],"min":[-0.13724563754085142,0.8771119713783264,-0.8917008013259669],"max":[0.035807008727123085,0.9331120252609253,-0.6869282163690733]},"baseIds":[2],"sourcePartIds":[6],"articulationIds":[1]},{"pid":4,"label":"handle","name":"handle 2","obb":{"centroid":[0.04048889057884972,0.9051119983196259,-0.7257063080012995],"axesLengths":[0.19996976268584427,0.05600005388259888,0.07135113906784729],"normalizedAxes":[-0.5710985347307164,0,0.8208815161936762,0,1,0,-0.8208815161936762,0,-0.5710985347307164],"min":[-0.045897744261397824,0.8771119713783264,-0.8281563144810299],"max":[0.12687552541909725,0.9331120252609253,-0.6232563015215692]},"baseIds":[2],"sourcePartIds":[7],"articulationIds":[2]}],"sourceParts":[{"pid":0,"label":"unknown","name":"unknown"},{"pid":1,"label":"hinge","name":"hinge 1","obb":{"centroid":[-0.4992794323221932,0.9968285262584686,-0.09519221352194654],"axesLengths":[0.013186775763347425,0.15000301599502563,0.013186543888189671],"normalizedAxes":[-0.9238738785944918,0,-0.38269708184250645,0,1,0,0.38269708184250656,0,-0.923873878594492],"metadata":{"constrainVertical":true},"min":[-0.5078941170903122,0.9218270182609558,-0.10380683554733795],"max":[-0.4906647475540742,1.0718300342559814,-0.08657759149655513]}},{"pid":2,"label":"hinge","name":"hinge 2","obb":{"centroid":[-0.4992794323221932,1.763604998588562,-0.09519221352194654],"axesLengths":[0.013186775763347425,0.14999008178710938,0.013186543888189671],"normalizedAxes":[-0.9238738785944918,0,-0.38269708184250645,0,1,0,0.38269708184250656,0,-0.923873878594492],"metadata":{"constrainVertical":true},"min":[-0.5078941170903122,1.6886099576950073,-0.10380683554733795],"max":[-0.4906647475540742,1.8386000394821167,-0.08657759149655513]}},{"pid":3,"label":"door lock","name":"door lock 1","obb":{"centroid":[0.09689151727685073,0.8695475161075592,-0.9037780170091959],"axesLengths":[0.02725899673204586,0.0879870057106018,0.009769618663659517],"normalizedAxes":[-0.8202224013213819,0,-0.5720447643065935,0,1,0,0.5720447643065935,0,-0.8202224013213819],"metadata":{"constrainVertical":true},"min":[0.08291796779535635,0.8255540132522583,-0.9155813302297551],"max":[0.11086506675834512,0.9135410189628601,-0.8919747037886367]}},{"pid":4,"label":"door_frame","name":"door_frame 1","obb":{"centroid":[0,1.059999940812526,-4.842877388000488e-8],"axesLengths":[1.3000420331954956,2.119999889493112,0.18000010401010513],"normalizedAxes":[1,0,0,0,1,0,0,0,1],"metadata":{"constrainVertical":true},"min":[-0.6500210165977478,-3.9340299906598375e-9,-0.09000010043382645],"max":[0.6500210165977478,2.119999885559082,0.09000000357627869]}},{"pid":5,"label":"door","name":"door 1","obb":{"centroid":[-0.1919693529336156,1.025975026190281,-0.48957941690732],"axesLengths":[1.0001832552698329,1.9479500502347946,0.060868708574047733],"normalizedAxes":[0.5720289803333208,0,-0.8202334092554516,0,1,0,0.8202334092554516,0,0.5720289803333208],"metadata":{"constrainVertical":true},"min":[-0.5029995309381814,0.052000001072883606,-0.9171806102323246],"max":[0.11906082507095023,1.9999500513076782,-0.06197822358231536]},"baseIds":[4],"childIds":[6,7,3]},{"pid":6,"label":"handle","name":"handle 1","obb":{"centroid":[-0.05071931440686417,0.9051119983196259,-0.7893145088475201],"axesLengths":[0.1999693427787766,0.05600005388259888,0.07135082151075546],"normalizedAxes":[0.5729617828200844,0,-0.8195820858386489,0,1,0,0.8195820858386489,0,0.5729617828200844],"metadata":{"constrainVertical":true},"min":[-0.13724563754085142,0.8771119713783264,-0.8917008013259669],"max":[0.035807008727123085,0.9331120252609253,-0.6869282163690733]},"baseIds":[5]},{"pid":7,"label":"handle","name":"handle 2","obb":{"centroid":[0.04048889057884972,0.9051119983196259,-0.7257063080012995],"axesLengths":[0.19996976268584427,0.05600005388259888,0.07135113906784729],"normalizedAxes":[-0.5710985347307164,0,0.8208815161936762,0,1,0,-0.8208815161936762,0,-0.5710985347307164],"metadata":{"constrainVertical":true},"min":[-0.045897744261397824,0.8771119713783264,-0.8281563144810299],"max":[0.12687552541909725,0.9331120252609253,-0.6232563015215692]},"baseIds":[5]},{"pid":8,"label":"hinge","name":"hinge 3","obb":{"centroid":[-0.4992794323221932,0.2298400029540062,-0.09519221352194654],"axesLengths":[0.013186775763347425,0.14999999105930328,0.013186543888189671],"normalizedAxes":[-0.9238738785944918,0,-0.38269708184250645,0,1,0,0.38269708184250656,0,-0.923873878594492],"metadata":{"constrainVertical":true},"min":[-0.5078941170903122,0.15484000742435455,-0.10380683554733795],"max":[-0.4906647475540742,0.30483999848365784,-0.08657759149655513]}}],"connectivityGraph":[[],[2],[1,3,4],[2],[2]],"articulations":[{"pid":2,"type":"Hinge Rotation","axis":[0,1,0],"origin":[-0.4780362567628476,1.025975026190281,-0.07938755623222465],"rangeMin":-0.9738937226128359,"rangeMax":0.7225663103256524,"base":[1],"value":0},{"pid":3,"type":"Hinge Rotation","axis":[0.8195820858386489,0,0.5729617828200844],"origin":[0.01194323920811416,0.9110000010728836,-0.825172258041395],"rangeMin":0,"rangeMax":0.4241150082346221,"base":[2],"value":0},{"pid":4,"type":"Hinge Rotation","axis":[0.8202334092554516,0,0.5720289803333208],"origin":[0.09759010980901708,0.9118879768848419,-0.8077820489945222],"rangeMin":0,"rangeMax":0.4241150082346221,"base":[2],"value":0}]}