{"version":"articulated-parts@0.0.1","modelId":"p5d.s__1249","metadata":{"connectivity":{"minDist":0.001,"maxDist":0.05,"minConnDist":0.001,"maxConnDist":0.05,"maxConnRelDist":0,"partsAnnId":27254,"condensed":true}},"parts":[null,{"pid":1,"label":"static","name":"static","obb":{"centroid":[-0.00016003847122192383,1.3500000161923582,0],"axesLengths":[2.689679980278015,2.700000062982715,0.699999988079071],"normalizedAxes":[1,0,0,0,1,0,0,0,1],"metadata":{"constrainVertical":true},"min":[-1.3450000286102295,-1.5298999400670255e-8,-0.3499999940395355],"max":[1.3446799516677856,2.700000047683716,0.3499999940395355]},"sourcePartIds":[0,2,3,4,5,8,9,10,11,12,13,14,28,29,30,44,45,46]},{"pid":2,"label":"faucet handle","name":"faucet handle 1","obb":{"centroid":[-1.074087436391986,0.9690690040588379,-0.2963899019931553],"axesLengths":[0.07848484051148527,0.04879200458526611,0.026122960972582758],"normalizedAxes":[0.9903692018023331,0,-0.13845159486769953,0,1,0,0.13845159486769953,0,0.9903692018023331],"min":[-1.1147603036221179,0.9446730017662048,-0.31475876566759653],"max":[-1.033414569161854,0.993465006351471,-0.27802103831871405]},"baseIds":[1],"sourcePartIds":[1],"articulationIds":[0]},{"pid":3,"label":"faucet lift rod","name":"faucet lift rod 1","obb":{"centroid":[-0.9250001608975427,0.9515649676322937,-0.3011934459505527],"axesLengths":[0.01627802791274921,0.10312998294830322,0.016277085446519027],"normalizedAxes":[0.9487118581907522,0,-0.31614207269556854,0,1,0,0.31614207269556854,0,0.9487118581907522],"min":[-0.9352946757171879,0.8999999761581421,-0.3114876626823675],"max":[-0.9147056460778974,1.0031299591064453,-0.2908992292187379]},"baseIds":[1],"sourcePartIds":[6],"articulationIds":[1]},{"pid":4,"label":"faucet lift rod","name":"faucet lift rod 2","obb":{"centroid":[0.9249999001612884,0.9515649676322937,-0.3011933341572664],"axesLengths":[0.01627815045323507,0.10312998294830322,0.016277500183736256],"normalizedAxes":[0.31623435642177045,0,0.9486811012234347,0,1,0,-0.9486811012234347,0,0.31623435642177045],"min":[0.9147049665453949,0.8999999761581421,-0.31148847340357383],"max":[0.9352948337771819,1.0031299591064453,-0.290898194910959]},"baseIds":[1],"sourcePartIds":[7],"articulationIds":[2]},{"pid":5,"label":"cabinet door","name":"cabinet door 1","obb":{"centroid":[1.074999988079071,0.3999999947845936,0.23799999803304672],"axesLengths":[0.29499995708465576,0.5949999913573265,0.047999992966651917],"normalizedAxes":[1,0,0,0,1,0,0,0,1],"metadata":{"constrainVertical":true},"min":[0.9275000095367432,0.10249999910593033,0.21400000154972076],"max":[1.222499966621399,0.6974999904632568,0.2619999945163727]},"baseIds":[1],"sourcePartIds":[31,27],"articulationIds":[3]},{"pid":6,"label":"cabinet door","name":"cabinet door 2","obb":{"centroid":[0.7750000059604645,0.3999999947845936,0.23799999803304672],"axesLengths":[0.29500001668930054,0.5949999913573265,0.047999992966651917],"normalizedAxes":[1,0,0,0,1,0,0,0,1],"metadata":{"constrainVertical":true},"min":[0.6274999976158142,0.10249999910593033,0.21400000154972076],"max":[0.9225000143051147,0.6974999904632568,0.2619999945163727]},"baseIds":[1],"sourcePartIds":[32,26],"articulationIds":[4]},{"pid":7,"label":"cabinet door","name":"cabinet door 3","obb":{"centroid":[-0.7750000059604645,0.3999999947845936,0.23799999803304672],"axesLengths":[0.29500001668930054,0.5949999913573265,0.047999992966651917],"normalizedAxes":[1,0,0,0,1,0,0,0,1],"metadata":{"constrainVertical":true},"min":[-0.9225000143051147,0.10249999910593033,0.21400000154972076],"max":[-0.6274999976158142,0.6974999904632568,0.2619999945163727]},"baseIds":[1],"sourcePartIds":[33,16],"articulationIds":[5]},{"pid":8,"label":"cabinet door","name":"cabinet door 4","obb":{"centroid":[-1.074999988079071,0.3999999947845936,0.23799999803304672],"axesLengths":[0.29499995708465576,0.5949999913573265,0.047999992966651917],"normalizedAxes":[1,0,0,0,1,0,0,0,1],"metadata":{"constrainVertical":true},"min":[-1.222499966621399,0.10249999910593033,0.21400000154972076],"max":[-0.9275000095367432,0.6974999904632568,0.2619999945163727]},"baseIds":[1],"sourcePartIds":[34,15],"articulationIds":[6]},{"pid":9,"label":"drawer","name":"drawer 1","obb":{"centroid":[0.4749999940395355,0.5499999970197678,-0.04799749702215195],"axesLengths":[0.593994989991188,0.29499998688697815,0.29500001668930054],"normalizedAxes":[0,0,1,0,1,0,-1,0,0],"metadata":{"constrainVertical":true},"min":[0.32749998569488525,0.4025000035762787,-0.34499499201774597],"max":[0.6225000023841858,0.6974999904632568,0.24899999797344208]},"baseIds":[1],"sourcePartIds":[35,23],"articulationIds":[7]},{"pid":10,"label":"drawer","name":"drawer 2","obb":{"centroid":[0.4749999940395355,0.2500000037252903,-0.04799749702215195],"axesLengths":[0.593994989991188,0.29500000923871994,0.29500001668930054],"normalizedAxes":[0,0,1,0,1,0,-1,0,0],"metadata":{"constrainVertical":true},"min":[0.32749998569488525,0.10249999910593033,-0.34499499201774597],"max":[0.6225000023841858,0.39750000834465027,0.24899999797344208]},"baseIds":[1],"sourcePartIds":[36,24],"articulationIds":[8]},{"pid":11,"label":"drawer","name":"drawer 3","obb":{"centroid":[-0.4749999940395355,0.2500000037252903,-0.04799749702215195],"axesLengths":[0.593994989991188,0.29500000923871994,0.29500001668930054],"normalizedAxes":[0,0,1,0,1,0,-1,0,0],"metadata":{"constrainVertical":true},"min":[-0.6225000023841858,0.10249999910593033,-0.34499499201774597],"max":[-0.32749998569488525,0.39750000834465027,0.24899999797344208]},"baseIds":[1],"sourcePartIds":[37,20],"articulationIds":[9]},{"pid":12,"label":"drawer","name":"drawer 4","obb":{"centroid":[-0.4749999940395355,0.5499999970197678,-0.04799749702215195],"axesLengths":[0.593994989991188,0.29499998688697815,0.29500001668930054],"normalizedAxes":[0,0,1,0,1,0,-1,0,0],"metadata":{"constrainVertical":true},"min":[-0.6225000023841858,0.4025000035762787,-0.34499499201774597],"max":[-0.32749998569488525,0.6974999904632568,0.24899999797344208]},"baseIds":[1],"sourcePartIds":[38,19],"articulationIds":[10]},{"pid":13,"label":"drawer","name":"drawer 5","obb":{"centroid":[0,0.699999988079071,-0.050497494637966156],"axesLengths":[0.5989949852228165,0.13499999046325684,0.5600000023841858],"normalizedAxes":[0,0,1,0,1,0,-1,0,0],"metadata":{"constrainVertical":true},"min":[-0.2800000011920929,0.6324999928474426,-0.3499949872493744],"max":[0.2800000011920929,0.7674999833106995,0.24899999797344208]},"baseIds":[1],"sourcePartIds":[39,21],"articulationIds":[11]},{"pid":14,"label":"drawer","name":"drawer 6","obb":{"centroid":[0.4749999940395355,0.7849999964237213,-0.050497494637966156],"axesLengths":[0.5989949852228165,0.16500002145767212,0.29500001668930054],"normalizedAxes":[0,0,1,0,1,0,-1,0,0],"metadata":{"constrainVertical":true},"min":[0.32749998569488525,0.7024999856948853,-0.3499949872493744],"max":[0.6225000023841858,0.8675000071525574,0.24899999797344208]},"baseIds":[1],"sourcePartIds":[40,22],"articulationIds":[12]},{"pid":15,"label":"drawer","name":"drawer 7","obb":{"centroid":[0.9249999821186066,0.7849999964237213,0.00028899312019348145],"axesLengths":[0.5949999690055847,0.16500002145767212,0.4974220097064972],"normalizedAxes":[1,0,0,0,1,0,0,0,1],"metadata":{"constrainVertical":true},"min":[0.6274999976158142,0.7024999856948853,-0.24842201173305511],"max":[1.222499966621399,0.8675000071525574,0.24899999797344208]},"baseIds":[1],"sourcePartIds":[41,25],"articulationIds":[13]},{"pid":16,"label":"drawer","name":"drawer 8","obb":{"centroid":[-0.4749999940395355,0.7849999964237213,-0.050497494637966156],"axesLengths":[0.5989949852228165,0.16500002145767212,0.29500001668930054],"normalizedAxes":[0,0,1,0,1,0,-1,0,0],"metadata":{"constrainVertical":true},"min":[-0.6225000023841858,0.7024999856948853,-0.3499949872493744],"max":[-0.32749998569488525,0.8675000071525574,0.24899999797344208]},"baseIds":[1],"sourcePartIds":[42,18],"articulationIds":[14]},{"pid":17,"label":"drawer","name":"drawer 9","obb":{"centroid":[-0.9249999821186066,0.7849999964237213,0.0002887248992919922],"axesLengths":[0.5949999690055847,0.16500002145767212,0.49742254614830017],"normalizedAxes":[1,0,0,0,1,0,0,0,1],"metadata":{"constrainVertical":true},"min":[-1.222499966621399,0.7024999856948853,-0.2484225481748581],"max":[-0.6274999976158142,0.8675000071525574,0.24899999797344208]},"baseIds":[1],"sourcePartIds":[43,17],"articulationIds":[15]},{"pid":18,"label":"faucet handle","name":"faucet handle 2","obb":{"centroid":[0.7759092967921988,0.9690690040588379,-0.3036395610699932],"axesLengths":[0.07848373330726154,0.04879200458526611,0.02612383832256925],"normalizedAxes":[-0.9903644186397724,0,-0.13848580538201624,0,1,0,0.13848580538201624,0,-0.9903644186397724],"min":[0.735236657942551,0.9446730017662048,-0.32201006255470027],"max":[0.8165819356418466,0.993465006351471,-0.2852690595852861]},"baseIds":[1],"sourcePartIds":[47],"articulationIds":[16]},{"pid":19,"label":"faucet handle","name":"faucet handle 3","obb":{"centroid":[1.0740873248829024,0.9690690040588379,-0.30363906259447015],"axesLengths":[0.07848482842751192,0.04879200458526611,0.026123900202119146],"normalizedAxes":[-0.9903667645165039,0,0.1384690280933315,0,1,0,-0.1384690280933315,0,-0.9903667645165039],"min":[1.0334142665507111,0.9446730017662048,-0.32200904281054726],"max":[1.1147603832150936,0.993465006351471,-0.28526908237839305]},"baseIds":[1],"sourcePartIds":[48],"articulationIds":[17]},{"pid":20,"label":"faucet handle","name":"faucet handle 4","obb":{"centroid":[-0.7759091852523183,0.9690690040588379,-0.29638940357538524],"axesLengths":[0.07848374541340883,0.04879200458526611,0.02612289911083726],"normalizedAxes":[0.9903668565104815,0,0.13846837012670898,0,1,0,-0.13846837012670898,0,0.9903668565104815],"min":[-0.8165816329998727,0.9446730017662048,-0.31475878846747257],"max":[-0.7352367375047639,0.993465006351471,-0.2780200186832979]},"baseIds":[1],"sourcePartIds":[49],"articulationIds":[18]}],"sourceParts":[{"pid":0,"label":"unknown","name":"unknown"},{"pid":1,"label":"faucet handle","name":"faucet handle 1","obb":{"centroid":[-1.074087436391986,0.9690690040588379,-0.2963899019931553],"axesLengths":[0.07848484051148527,0.04879200458526611,0.026122960972582758],"normalizedAxes":[0.9903692018023331,0,-0.13845159486769953,0,1,0,0.13845159486769953,0,0.9903692018023331],"metadata":{"constrainVertical":true},"min":[-1.1147603036221179,0.9446730017662048,-0.31475876566759653],"max":[-1.033414569161854,0.993465006351471,-0.27802103831871405]},"baseIds":[2]},{"pid":2,"label":"faucet handle base","name":"faucet handle base 1","obb":{"centroid":[-1.0481625131397616,0.9223364889621735,-0.300011984349638],"axesLengths":[0.050853774926167244,0.044673025608062744,0.05085375308693825],"normalizedAxes":[-0.7072916215328918,0,0.7069218925096128,0,1,0,-0.7069218925096128,0,-0.7072916215328918],"metadata":{"constrainVertical":true},"min":[-1.0841215532907778,0.8999999761581421,-0.335971024496617],"max":[-1.0122034729887455,0.9446730017662048,-0.264052944202659]}},{"pid":3,"label":"faucet handle base","name":"faucet handle base 2","obb":{"centroid":[-0.8018370311998732,0.9223364889621735,-0.3000141158541998],"axesLengths":[0.05085285039563782,0.044673025608062744,0.05085260359973161],"normalizedAxes":[-0.25878426415261846,0,-0.96593514514536,0,1,0,0.96593514514536,0,-0.25878426415261846],"metadata":{"constrainVertical":true},"min":[-0.8329771484542854,0.8999999761581421,-0.3311543203695833],"max":[-0.7706969139454609,0.9446730017662048,-0.2688739113388163]}},{"pid":4,"label":"faucet handle base","name":"faucet handle base 3","obb":{"centroid":[0.8018370311998732,0.9223364889621735,-0.3000141158541998],"axesLengths":[0.05085285039563782,0.044673025608062744,0.05085260359973161],"normalizedAxes":[-0.25878426415261846,0,0.96593514514536,0,1,0,-0.96593514514536,0,-0.25878426415261846],"metadata":{"constrainVertical":true},"min":[0.7706969139454609,0.8999999761581421,-0.3311543203695833],"max":[0.8329771484542854,0.9446730017662048,-0.2688739113388163]}},{"pid":5,"label":"faucet handle base","name":"faucet handle base 4","obb":{"centroid":[1.0481625131397616,0.9223364889621735,-0.300011984349638],"axesLengths":[0.050853774926167244,0.044673025608062744,0.05085375308693825],"normalizedAxes":[0.7072916215328918,0,0.7069218925096128,0,1,0,-0.7069218925096128,0,0.7072916215328918],"metadata":{"constrainVertical":true},"min":[1.0122034729887455,0.8999999761581421,-0.335971024496617],"max":[1.0841215532907778,0.9446730017662048,-0.264052944202659]}},{"pid":6,"label":"faucet lift rod","name":"faucet lift rod 1","obb":{"centroid":[-0.9250001608975427,0.9515649676322937,-0.3011934459505527],"axesLengths":[0.01627802791274921,0.10312998294830322,0.016277085446519027],"normalizedAxes":[0.9487118581907522,0,-0.31614207269556854,0,1,0,0.31614207269556854,0,0.9487118581907522],"metadata":{"constrainVertical":true},"min":[-0.9352946757171879,0.8999999761581421,-0.3114876626823675],"max":[-0.9147056460778974,1.0031299591064453,-0.2908992292187379]},"baseIds":[45]},{"pid":7,"label":"faucet lift rod","name":"faucet lift rod 2","obb":{"centroid":[0.9249999001612884,0.9515649676322937,-0.3011933341572664],"axesLengths":[0.01627815045323507,0.10312998294830322,0.016277500183736256],"normalizedAxes":[0.31623435642177045,0,0.9486811012234347,0,1,0,-0.9486811012234347,0,0.31623435642177045],"metadata":{"constrainVertical":true},"min":[0.9147049665453949,0.8999999761581421,-0.31148847340357383],"max":[0.9352948337771819,1.0031299591064453,-0.290898194910959]},"baseIds":[10]},{"pid":8,"label":"mirror","name":"mirror 1","obb":{"centroid":[0,1.8550000190734863,-0.3474999964237213],"axesLengths":[2.450000047683716,1.690000057220459,0.004999995231628418],"normalizedAxes":[1,0,0,0,1,0,0,0,1],"metadata":{"constrainVertical":true},"min":[-1.225000023841858,1.0099999904632568,-0.3499999940395355],"max":[1.225000023841858,2.700000047683716,-0.3449999988079071]}},{"pid":9,"label":"cabinet","name":"cabinet 1","obb":{"centroid":[0,0.43574999997989483,-0.06799999624490738],"axesLengths":[2.450000047683716,0.8715000305577885,0.5639999955892563],"normalizedAxes":[1,0,0,0,1,0,0,0,1],"metadata":{"constrainVertical":true},"min":[-1.225000023841858,-1.5298999400670255e-8,-0.3499999940395355],"max":[1.225000023841858,0.8715000152587891,0.21400000154972076]}},{"pid":10,"label":"countertop","name":"countertop 1","obb":{"centroid":[0,0.9050000011920929,-0.04999999701976776],"axesLengths":[2.450000047683716,0.20999997854232788,0.5999999940395355],"normalizedAxes":[1,0,0,0,1,0,0,0,1],"metadata":{"constrainVertical":true},"min":[-1.225000023841858,0.800000011920929,-0.3499999940395355],"max":[1.225000023841858,1.0099999904632568,0.25]}},{"pid":11,"label":"sink","name":"sink 1","obb":{"centroid":[-0.9250009953975677,0.7948369979858398,-0.04999999701976776],"axesLengths":[0.4090779423713684,0.15032601356506348,0.40700599551200867],"normalizedAxes":[1,0,0,0,1,0,0,0,1],"metadata":{"constrainVertical":true},"min":[-1.129539966583252,0.7196739912033081,-0.2535029947757721],"max":[-0.7204620242118835,0.8700000047683716,0.15350300073623657]}},{"pid":12,"label":"sink","name":"sink 2","obb":{"centroid":[0.9250009953975677,0.7948369979858398,-0.04999999701976776],"axesLengths":[0.4090779423713684,0.15032601356506348,0.40700599551200867],"normalizedAxes":[1,0,0,0,1,0,0,0,1],"metadata":{"constrainVertical":true},"min":[0.7204620242118835,0.7196739912033081,-0.2535029947757721],"max":[1.129539966583252,0.8700000047683716,0.15350300073623657]}},{"pid":13,"label":"faucet spout","name":"faucet spout 1","obb":{"centroid":[0.9249961666415661,0.9688687093008209,-0.24492793628951348],"axesLengths":[0.06298398820065267,0.2097478265440289,0.09968556056344419],"normalizedAxes":[0.9999999759474827,-0.00008553326561938052,0.00020196310137341313,0.00014663865889344552,-0.4240309958639092,-0.9056476649579378,0.00016310161728755107,0.9056476727904302,-0.42403097312241306],"metadata":{"constrainVertical":false},"min":[0.8934806652906324,0.8792562278353008,-0.3610479938060968],"max":[0.9565116679924999,1.058481190766341,-0.12880787877293015]}},{"pid":14,"label":"faucet spout","name":"faucet spout 2","obb":{"centroid":[-0.9249961653915294,0.9688687132377364,-0.2449279623355519],"axesLengths":[0.0629839882017526,0.20974782055715513,0.09968551116213338],"normalizedAxes":[0.9999999759649465,0.00008547250671462547,-0.0002019023464329623,-0.00014660928546211393,-0.4240316320579196,-0.9056473670916377,-0.00016302093213911527,0.9056473749251129,-0.4240316093352332],"metadata":{"constrainVertical":false},"min":[-0.9565116596370187,0.879256205451311,-0.3610480052261955],"max":[-0.8934806711460401,1.0584812210241616,-0.12880791944490827]}},{"pid":15,"label":"handle","name":"handle 1","obb":{"centroid":[-0.9524999856948853,0.6100000143051147,0.24699999392032623],"axesLengths":[0.030000001192092896,0.11500000953674316,0.019999980926513672],"normalizedAxes":[0,0,1,0,1,0,-1,0,0],"metadata":{"constrainVertical":true},"min":[-0.9624999761581421,0.5525000095367432,0.23199999332427979],"max":[-0.9424999952316284,0.6675000190734863,0.2619999945163727]}},{"pid":16,"label":"handle","name":"handle 2","obb":{"centroid":[-0.9000000059604645,0.6100000143051147,0.24699999392032623],"axesLengths":[0.030000001192092896,0.11500000953674316,0.020000040531158447],"normalizedAxes":[0,0,1,0,1,0,-1,0,0],"metadata":{"constrainVertical":true},"min":[-0.9100000262260437,0.5525000095367432,0.23199999332427979],"max":[-0.8899999856948853,0.6675000190734863,0.2619999945163727]}},{"pid":17,"label":"handle","name":"handle 3","obb":{"centroid":[-0.9249999821186066,0.7849999964237213,0.23650000244379044],"axesLengths":[0.029413998126983643,0.029413998126983643,0.024999991059303284],"normalizedAxes":[1,0,0,0,1,0,0,0,1],"metadata":{"constrainVertical":true},"min":[-0.9397069811820984,0.7702929973602295,0.2240000069141388],"max":[-0.9102929830551147,0.7997069954872131,0.24899999797344208]}},{"pid":18,"label":"handle","name":"handle 4","obb":{"centroid":[-0.4749999940395355,0.7849999964237213,0.23650000244379044],"axesLengths":[0.029413998126983643,0.029413998126983643,0.024999991059303284],"normalizedAxes":[1,0,0,0,1,0,0,0,1],"metadata":{"constrainVertical":true},"min":[-0.48970699310302734,0.7702929973602295,0.2240000069141388],"max":[-0.4602929949760437,0.7997069954872131,0.24899999797344208]}},{"pid":19,"label":"handle","name":"handle 5","obb":{"centroid":[-0.4749999940395355,0.5499999821186066,0.23650000244379044],"axesLengths":[0.029413998126983643,0.029413998126983643,0.024999991059303284],"normalizedAxes":[1,0,0,0,1,0,0,0,1],"metadata":{"constrainVertical":true},"min":[-0.48970699310302734,0.5352929830551147,0.2240000069141388],"max":[-0.4602929949760437,0.5647069811820984,0.24899999797344208]}},{"pid":20,"label":"handle","name":"handle 6","obb":{"centroid":[-0.4749999940395355,0.25,0.23650000244379044],"axesLengths":[0.029413998126983643,0.029413998126983643,0.024999991059303284],"normalizedAxes":[1,0,0,0,1,0,0,0,1],"metadata":{"constrainVertical":true},"min":[-0.48970699310302734,0.23529300093650818,0.2240000069141388],"max":[-0.4602929949760437,0.2647069990634918,0.24899999797344208]}},{"pid":21,"label":"handle","name":"handle 7","obb":{"centroid":[0,0.7000000178813934,0.23650000244379044],"axesLengths":[0.02941419929265976,0.029413998126983643,0.024999991059303284],"normalizedAxes":[1,0,0,0,1,0,0,0,1],"metadata":{"constrainVertical":true},"min":[-0.01470709964632988,0.6852930188179016,0.2240000069141388],"max":[0.01470709964632988,0.7147070169448853,0.24899999797344208]}},{"pid":22,"label":"handle","name":"handle 8","obb":{"centroid":[0.4749999940395355,0.7849999964237213,0.23650000244379044],"axesLengths":[0.029413998126983643,0.029413998126983643,0.024999991059303284],"normalizedAxes":[1,0,0,0,1,0,0,0,1],"metadata":{"constrainVertical":true},"min":[0.4602929949760437,0.7702929973602295,0.2240000069141388],"max":[0.48970699310302734,0.7997069954872131,0.24899999797344208]}},{"pid":23,"label":"handle","name":"handle 9","obb":{"centroid":[0.4749999940395355,0.5499999821186066,0.23650000244379044],"axesLengths":[0.029413998126983643,0.029413998126983643,0.024999991059303284],"normalizedAxes":[1,0,0,0,1,0,0,0,1],"metadata":{"constrainVertical":true},"min":[0.4602929949760437,0.5352929830551147,0.2240000069141388],"max":[0.48970699310302734,0.5647069811820984,0.24899999797344208]}},{"pid":24,"label":"handle","name":"handle 10","obb":{"centroid":[0.4749999940395355,0.25,0.23650000244379044],"axesLengths":[0.029413998126983643,0.029413998126983643,0.024999991059303284],"normalizedAxes":[1,0,0,0,1,0,0,0,1],"metadata":{"constrainVertical":true},"min":[0.4602929949760437,0.23529300093650818,0.2240000069141388],"max":[0.48970699310302734,0.2647069990634918,0.24899999797344208]}},{"pid":25,"label":"handle","name":"handle 11","obb":{"centroid":[0.9249999821186066,0.7849999964237213,0.23650000244379044],"axesLengths":[0.029413998126983643,0.029413998126983643,0.024999991059303284],"normalizedAxes":[1,0,0,0,1,0,0,0,1],"metadata":{"constrainVertical":true},"min":[0.9102929830551147,0.7702929973602295,0.2240000069141388],"max":[0.9397069811820984,0.7997069954872131,0.24899999797344208]}},{"pid":26,"label":"handle","name":"handle 12","obb":{"centroid":[0.9000000059604645,0.6100000143051147,0.24699999392032623],"axesLengths":[0.030000001192092896,0.11500000953674316,0.020000040531158447],"normalizedAxes":[0,0,1,0,1,0,-1,0,0],"metadata":{"constrainVertical":true},"min":[0.8899999856948853,0.5525000095367432,0.23199999332427979],"max":[0.9100000262260437,0.6675000190734863,0.2619999945163727]}},{"pid":27,"label":"handle","name":"handle 13","obb":{"centroid":[0.9524999856948853,0.6100000143051147,0.24699999392032623],"axesLengths":[0.030000001192092896,0.11500000953674316,0.019999980926513672],"normalizedAxes":[0,0,1,0,1,0,-1,0,0],"metadata":{"constrainVertical":true},"min":[0.9424999952316284,0.5525000095367432,0.23199999332427979],"max":[0.9624999761581421,0.6675000190734863,0.2619999945163727]}},{"pid":28,"label":"mirror_frame","name":"mirror_frame 1","obb":{"centroid":[-0.00016003847122192383,2.1459450125694275,-0.23749999701976776],"axesLengths":[2.689679980278015,1.1081100702285767,0.22499999403953552],"normalizedAxes":[1,0,0,0,1,0,0,0,1],"metadata":{"constrainVertical":true},"min":[-1.3450000286102295,1.5918899774551392,-0.3499999940395355],"max":[1.3446799516677856,2.700000047683716,-0.125]}},{"pid":29,"label":"drain","name":"drain 1","obb":{"centroid":[0.9249999579042196,0.7205640077590942,-0.10000002570438304],"axesLengths":[0.039575381592673826,0.0017800331115722656,0.03957525667744598],"normalizedAxes":[0.707105028800723,0,-0.7071085335680292,0,1,0,0.7071085335680292,0,0.707105028800723],"metadata":{"constrainVertical":true},"min":[0.8970159813763924,0.7196739912033081,-0.12798400223242914],"max":[0.9529839344320469,0.7214540243148804,-0.07201604917633694]}},{"pid":30,"label":"drain","name":"drain 2","obb":{"centroid":[-0.9249999560415745,0.7205640077590942,-0.10000007599579284],"axesLengths":[0.03957531310387526,0.0017800331115722656,0.03957518292064387],"normalizedAxes":[0.707105028800723,0,0.7071085335680292,0,1,0,-0.7071085335680292,0,0.707105028800723],"metadata":{"constrainVertical":true},"min":[-0.9529838822779827,0.7196739912033081,-0.12798400223242914],"max":[-0.8970160298051663,0.7214540243148804,-0.07201614975915654]}},{"pid":31,"label":"cabinet door","name":"cabinet door 1","obb":{"centroid":[1.074999988079071,0.3999999947845936,0.22299999743700027],"axesLengths":[0.29499995708465576,0.5949999913573265,0.01799999177455902],"normalizedAxes":[1,0,0,0,1,0,0,0,1],"metadata":{"constrainVertical":true},"min":[0.9275000095367432,0.10249999910593033,0.21400000154972076],"max":[1.222499966621399,0.6974999904632568,0.23199999332427979]},"baseIds":[9],"childIds":[27]},{"pid":32,"label":"cabinet door","name":"cabinet door 2","obb":{"centroid":[0.7750000059604645,0.3999999947845936,0.22299999743700027],"axesLengths":[0.29500001668930054,0.5949999913573265,0.01799999177455902],"normalizedAxes":[1,0,0,0,1,0,0,0,1],"metadata":{"constrainVertical":true},"min":[0.6274999976158142,0.10249999910593033,0.21400000154972076],"max":[0.9225000143051147,0.6974999904632568,0.23199999332427979]},"baseIds":[9],"childIds":[26]},{"pid":33,"label":"cabinet door","name":"cabinet door 3","obb":{"centroid":[-0.7750000059604645,0.3999999947845936,0.22299999743700027],"axesLengths":[0.29500001668930054,0.5949999913573265,0.01799999177455902],"normalizedAxes":[1,0,0,0,1,0,0,0,1],"metadata":{"constrainVertical":true},"min":[-0.9225000143051147,0.10249999910593033,0.21400000154972076],"max":[-0.6274999976158142,0.6974999904632568,0.23199999332427979]},"baseIds":[9],"childIds":[16]},{"pid":34,"label":"cabinet door","name":"cabinet door 4","obb":{"centroid":[-1.074999988079071,0.3999999947845936,0.22299999743700027],"axesLengths":[0.29499995708465576,0.5949999913573265,0.01799999177455902],"normalizedAxes":[1,0,0,0,1,0,0,0,1],"metadata":{"constrainVertical":true},"min":[-1.222499966621399,0.10249999910593033,0.21400000154972076],"max":[-0.9275000095367432,0.6974999904632568,0.23199999332427979]},"baseIds":[9],"childIds":[15]},{"pid":35,"label":"drawer","name":"drawer 1","obb":{"centroid":[0.4749999940395355,0.5499999970197678,-0.05649749934673309],"axesLengths":[0.5769949853420258,0.29499998688697815,0.29500001668930054],"normalizedAxes":[0,0,1,0,1,0,-1,0,0],"metadata":{"constrainVertical":true},"min":[0.32749998569488525,0.4025000035762787,-0.34499499201774597],"max":[0.6225000023841858,0.6974999904632568,0.23199999332427979]},"baseIds":[9],"childIds":[23]},{"pid":36,"label":"drawer","name":"drawer 2","obb":{"centroid":[0.4749999940395355,0.2500000037252903,-0.05649749934673309],"axesLengths":[0.5769949853420258,0.29500000923871994,0.29500001668930054],"normalizedAxes":[0,0,1,0,1,0,-1,0,0],"metadata":{"constrainVertical":true},"min":[0.32749998569488525,0.10249999910593033,-0.34499499201774597],"max":[0.6225000023841858,0.39750000834465027,0.23199999332427979]},"baseIds":[9],"childIds":[24]},{"pid":37,"label":"drawer","name":"drawer 3","obb":{"centroid":[-0.4749999940395355,0.2500000037252903,-0.05649749934673309],"axesLengths":[0.5769949853420258,0.29500000923871994,0.29500001668930054],"normalizedAxes":[0,0,1,0,1,0,-1,0,0],"metadata":{"constrainVertical":true},"min":[-0.6225000023841858,0.10249999910593033,-0.34499499201774597],"max":[-0.32749998569488525,0.39750000834465027,0.23199999332427979]},"baseIds":[9],"childIds":[20]},{"pid":38,"label":"drawer","name":"drawer 4","obb":{"centroid":[-0.4749999940395355,0.5499999970197678,-0.05649749934673309],"axesLengths":[0.5769949853420258,0.29499998688697815,0.29500001668930054],"normalizedAxes":[0,0,1,0,1,0,-1,0,0],"metadata":{"constrainVertical":true},"min":[-0.6225000023841858,0.4025000035762787,-0.34499499201774597],"max":[-0.32749998569488525,0.6974999904632568,0.23199999332427979]},"baseIds":[9],"childIds":[19]},{"pid":39,"label":"drawer","name":"drawer 5","obb":{"centroid":[0,0.699999988079071,-0.0589974969625473],"axesLengths":[0.5819949805736542,0.13499999046325684,0.5600000023841858],"normalizedAxes":[0,0,1,0,1,0,-1,0,0],"metadata":{"constrainVertical":true},"min":[-0.2800000011920929,0.6324999928474426,-0.3499949872493744],"max":[0.2800000011920929,0.7674999833106995,0.23199999332427979]},"baseIds":[9],"childIds":[21]},{"pid":40,"label":"drawer","name":"drawer 6","obb":{"centroid":[0.4749999940395355,0.7849999964237213,-0.0589974969625473],"axesLengths":[0.5819949805736542,0.16500002145767212,0.29500001668930054],"normalizedAxes":[0,0,1,0,1,0,-1,0,0],"metadata":{"constrainVertical":true},"min":[0.32749998569488525,0.7024999856948853,-0.3499949872493744],"max":[0.6225000023841858,0.8675000071525574,0.23199999332427979]},"baseIds":[9],"childIds":[22]},{"pid":41,"label":"drawer","name":"drawer 7","obb":{"centroid":[0.9249999821186066,0.7849999964237213,-0.008211009204387665],"axesLengths":[0.5949999690055847,0.16500002145767212,0.4804220050573349],"normalizedAxes":[1,0,0,0,1,0,0,0,1],"metadata":{"constrainVertical":true},"min":[0.6274999976158142,0.7024999856948853,-0.24842201173305511],"max":[1.222499966621399,0.8675000071525574,0.23199999332427979]},"baseIds":[9],"childIds":[25]},{"pid":42,"label":"drawer","name":"drawer 8","obb":{"centroid":[-0.4749999940395355,0.7849999964237213,-0.0589974969625473],"axesLengths":[0.5819949805736542,0.16500002145767212,0.29500001668930054],"normalizedAxes":[0,0,1,0,1,0,-1,0,0],"metadata":{"constrainVertical":true},"min":[-0.6225000023841858,0.7024999856948853,-0.3499949872493744],"max":[-0.32749998569488525,0.8675000071525574,0.23199999332427979]},"baseIds":[9],"childIds":[18]},{"pid":43,"label":"drawer","name":"drawer 9","obb":{"centroid":[-0.9249999821186066,0.7849999964237213,-0.008211277425289154],"axesLengths":[0.5949999690055847,0.16500002145767212,0.4804225414991379],"normalizedAxes":[1,0,0,0,1,0,0,0,1],"metadata":{"constrainVertical":true},"min":[-1.222499966621399,0.7024999856948853,-0.2484225481748581],"max":[-0.6274999976158142,0.8675000071525574,0.23199999332427979]},"baseIds":[9],"childIds":[17]},{"pid":44,"label":"countertop","name":"countertop 2","obb":{"centroid":[0,0.7849999964237213,0],"axesLengths":[0.699999988079071,0.030000030994415283,0.6499999761581421],"normalizedAxes":[0,0,1,0,1,0,-1,0,0],"metadata":{"constrainVertical":true},"min":[-0.32499998807907104,0.7699999809265137,-0.3499999940395355],"max":[0.32499998807907104,0.800000011920929,0.3499999940395355]}},{"pid":45,"label":"countertop","name":"countertop 3","obb":{"centroid":[-0.7650000154972076,0.9397799968719482,-0.04999999701976776],"axesLengths":[0.9200000166893005,0.13955998420715332,0.5999999940395355],"normalizedAxes":[1,0,0,0,1,0,0,0,1],"metadata":{"constrainVertical":true},"min":[-1.225000023841858,0.8700000047683716,-0.3499999940395355],"max":[-0.3050000071525574,1.009559988975525,0.25]}},{"pid":46,"label":"backsplash","name":"backsplash 1","obb":{"centroid":[0,0.9050000011920929,-0.3400000035762787],"axesLengths":[2.449120044708252,0.20999997854232788,0.019999980926513672],"normalizedAxes":[1,0,0,0,1,0,0,0,1],"metadata":{"constrainVertical":true},"min":[-1.224560022354126,0.800000011920929,-0.3499999940395355],"max":[1.224560022354126,1.0099999904632568,-0.33000001311302185]}},{"pid":47,"label":"faucet handle","name":"faucet handle 2","obb":{"centroid":[0.7759092967921988,0.9690690040588379,-0.3036395610699932],"axesLengths":[0.07848373330726154,0.04879200458526611,0.02612383832256925],"normalizedAxes":[-0.9903644186397724,0,-0.13848580538201624,0,1,0,0.13848580538201624,0,-0.9903644186397724],"metadata":{"constrainVertical":true},"min":[0.735236657942551,0.9446730017662048,-0.32201006255470027],"max":[0.8165819356418466,0.993465006351471,-0.2852690595852861]},"baseIds":[4]},{"pid":48,"label":"faucet handle","name":"faucet handle 3","obb":{"centroid":[1.0740873248829024,0.9690690040588379,-0.30363906259447015],"axesLengths":[0.07848482842751192,0.04879200458526611,0.026123900202119146],"normalizedAxes":[-0.9903667645165039,0,0.1384690280933315,0,1,0,-0.1384690280933315,0,-0.9903667645165039],"metadata":{"constrainVertical":true},"min":[1.0334142665507111,0.9446730017662048,-0.32200904281054726],"max":[1.1147603832150936,0.993465006351471,-0.28526908237839305]},"baseIds":[5]},{"pid":49,"label":"faucet handle","name":"faucet handle 4","obb":{"centroid":[-0.7759091852523183,0.9690690040588379,-0.29638940357538524],"axesLengths":[0.07848374541340883,0.04879200458526611,0.02612289911083726],"normalizedAxes":[0.9903668565104815,0,0.13846837012670898,0,1,0,-0.13846837012670898,0,0.9903668565104815],"metadata":{"constrainVertical":true},"min":[-0.8165816329998727,0.9446730017662048,-0.31475878846747257],"max":[-0.7352367375047639,0.993465006351471,-0.2780200186832979]},"baseIds":[3]}],"connectivityGraph":[[],[2,3,4,5,6,7,8,9,10,11,12,13,14,15,16,17,18,19,20],[1],[1],[1],[1],[1],[1],[1],[1],[1],[1],[1],[1],[1],[1],[1],[1],[1],[1],[1]],"articulations":[{"pid":2,"type":"Central Rotation","axis":[0,1,0],"origin":[-1.0483477637624394,0.9616730017662048,-0.2910869707179954],"rangeMin":0.20420352248333656,"rangeMax":1.1623892818282235,"base":[1],"value":0},{"pid":3,"type":"Translation","axis":[0,1,0],"origin":[-0.9250001608975427,0.9515649676322937,-0.3011934459505527],"rangeMin":0,"rangeMax":0.0430000321865082,"base":[1],"value":0},{"pid":4,"type":"Translation","axis":[0,1,0],"origin":[0.9249999001612884,0.9515649676322937,-0.3011933341572664],"rangeMin":0,"rangeMax":0.0430000321865082,"base":[1],"value":0},{"pid":5,"type":"Central Rotation","axis":[0,1,0],"origin":[1.074999988079071,0.3999999947845936,0.22299999743700027],"rangeMin":-2.0420352248333655,"rangeMax":0,"base":[1],"value":0},{"pid":6,"type":"Central Rotation","axis":[0,1,0],"origin":[0.7750000059604645,0.3999999947845936,0.22299999743700027],"rangeMin":-2.0420352248333655,"rangeMax":0,"base":[1],"value":0},{"pid":7,"type":"Central Rotation","axis":[0,1,0],"origin":[-0.7750000059604645,0.3999999947845936,0.22299999743700027],"rangeMin":-2.0420352248333655,"rangeMax":0,"base":[1],"value":0},{"pid":8,"type":"Central Rotation","axis":[0,1,0],"origin":[-1.211499966621399,0.3674999991059303,0.22000000154972077],"rangeMin":-2.0420352248333655,"rangeMax":0,"base":[1],"value":0},{"pid":9,"type":"Translation","axis":[0,0,1],"origin":[0.4749999940395355,0.5499999970197678,-0.05649749934673309],"rangeMin":0.0060000066161156,"rangeMax":0.450000006616116,"base":[1],"value":0},{"pid":10,"type":"Translation","axis":[0,0,1],"origin":[0.4749999940395355,0.2500000037252903,-0.05649749934673309],"rangeMin":0.0060000066161156,"rangeMax":0.450000006616116,"base":[1],"value":0},{"pid":11,"type":"Translation","axis":[0,0,1],"origin":[-0.4749999940395355,0.2500000037252903,-0.05649749934673309],"rangeMin":0.0060000066161156,"rangeMax":0.450000006616116,"base":[1],"value":0},{"pid":12,"type":"Translation","axis":[0,0,1],"origin":[-0.4749999940395355,0.5499999970197678,-0.05649749934673309],"rangeMin":0.0060000066161156,"rangeMax":0.450000006616116,"base":[1],"value":0},{"pid":13,"type":"Translation","axis":[0,0,1],"origin":[0,0.699999988079071,-0.0589974969625473],"rangeMin":0.0060000066161156,"rangeMax":0.450000006616116,"base":[1],"value":0},{"pid":14,"type":"Translation","axis":[0,0,1],"origin":[0.4749999940395355,0.7849999964237213,-0.0589974969625473],"rangeMin":0.0060000066161156,"rangeMax":0.450000006616116,"base":[1],"value":0},{"pid":15,"type":"Translation","axis":[0,0,1],"origin":[0.9249999821186066,0.7849999964237213,-0.008211009204387665],"rangeMin":0,"rangeMax":0.282000006616116,"base":[1],"value":0},{"pid":16,"type":"Translation","axis":[0,0,1],"origin":[-0.4749999940395355,0.7849999964237213,-0.0589974969625473],"rangeMin":0.0060000066161156,"rangeMax":0.450000006616116,"base":[1],"value":0},{"pid":17,"type":"Translation","axis":[0,0,1],"origin":[-0.9249999821186066,0.7849999964237213,-0.008211277425289154],"rangeMin":0,"rangeMax":0.282000006616116,"base":[1],"value":0},{"pid":18,"type":"Central Rotation","axis":[0,1,0],"origin":[0.8036218631467004,0.9572769994735717,-0.29963982456509924],"rangeMin":0.3612831551628262,"rangeMax":1.6336281798666925,"base":[1],"value":0},{"pid":19,"type":"Central Rotation","axis":[0,1,0],"origin":[1.0643813787312422,0.9572769994735718,-0.3152838359203729],"rangeMin":-1.1152653920243765,"rangeMax":0,"base":[1],"value":0},{"pid":20,"type":"Central Rotation","axis":[0,1,0],"origin":[-0.8073064237234654,0.9672769994735718,-0.302922795153217],"rangeMin":-0.9424777960769379,"rangeMax":0.21991148575128555,"base":[1],"value":0}]}