{"version":"articulated-parts@0.0.1","modelId":"p5d.s__1507","metadata":{"connectivity":{"minDist":0.001,"maxDist":0.05,"minConnDist":0.001,"maxConnDist":0.05,"maxConnRelDist":0,"partsAnnId":25219,"condensed":true}},"parts":[null,{"pid":1,"label":"static","name":"static","obb":{"centroid":[-0.01899233106407275,0.26454304717481136,-0.05927113517694976],"axesLengths":[0.7007129341792745,0.4112678952515125,0.6692602838611789],"normalizedAxes":[-0.8080292820905718,0,0.5891423251508886,0,1,0,-0.5891423251508886,0,-0.8080292820905718],"metadata":{"constrainVertical":true},"min":[-0.4992353955248606,0.0589090995490551,-0.5360719121798297],"max":[0.4612507333967152,0.4701769948005676,0.4175296418259302]},"sourcePartIds":[0,11]},{"pid":2,"label":"backrest","name":"backrest 1","obb":{"centroid":[-0.000013745977990922187,0.805563295720988,-0.23361884332075455],"axesLengths":[0.4824340028435006,0.5283991761970127,0.15432112119676758],"normalizedAxes":[0.9999999964726549,0.00006933402473874864,-0.00004740762444862734,0.00007546731321710647,-0.9894633778937337,0.1447833488761976,-0.00003686969593211521,-0.1447833519432228,-0.9894633796360077],"min":[-0.24125352986835968,0.5329591896961106,-0.34822952904666815],"max":[0.24122603791237784,1.0781674017458653,-0.11900815759484099]},"baseIds":[23],"sourcePartIds":[1],"articulationIds":[0]},{"pid":3,"label":"seat","name":"seat 1","obb":{"centroid":[-0.0000034868717193603516,0.4909989982843399,0.002804003655910492],"axesLengths":[0.5356130003929138,0.12229999899864197,0.4536920040845871],"normalizedAxes":[1,0,0,0,1,0,0,0,1],"metadata":{"constrainVertical":true},"min":[-0.26780998706817627,0.4298489987850189,-0.22404199838638306],"max":[0.26780301332473755,0.5521489977836609,0.22965000569820404]},"baseIds":[10],"childIds":[20,21],"sourcePartIds":[2,28,27],"articulationIds":[1]},{"pid":4,"label":"height-adjusting knob","name":"height-adjusting knob 1","obb":{"centroid":[-0.000003403546614084969,0.5109643132877596,-0.27319210915572895],"axesLengths":[0.043500850042037895,0.04565930783309468,0.033250726349767654],"normalizedAxes":[-0.9999999999951097,0.000003110155033632486,-3.278184111804256e-7,0.0000030857009328749037,0.9982931154243142,0.05840253151101227,5.088997903466107e-7,0.05840253150971514,-0.9982931154290297],"min":[-0.02175390747365489,0.4872025960114752,-0.2911224114671592],"max":[0.021747100380426716,0.534726030564044,-0.25526180684429867]},"baseIds":[10],"sourcePartIds":[4],"articulationIds":[2]},{"pid":5,"label":"wheel","name":"wheel 1","obb":{"centroid":[-0.19255750590495094,0.02265211576448678,-0.2984880008278831],"axesLengths":[0.05037805616320885,0.045303366894984265,0.04783938238362179],"normalizedAxes":[0.8082018904364507,0,-0.5889055138941622,0,1,0,0.5889055138941622,0,0.8082018904364507],"min":[-0.22700176405226352,4.3231699464740814e-7,-0.33265389799465256],"max":[-0.15811324775763835,0.04530379921197891,-0.2643221036611137]},"baseIds":[15],"sourcePartIds":[5],"articulationIds":[3]},{"pid":6,"label":"wheel","name":"wheel 2","obb":{"centroid":[0.1925514330320727,0.02265211527848976,-0.29848740594954987],"axesLengths":[0.05037781732491822,0.045303367866978306,0.04784004205707631],"normalizedAxes":[0.8081963238278232,0,0.5889131533182056,0,1,0,-0.5889131533182056,0,0.8081963238278232],"min":[0.15810703463848425,4.3134500060659775e-7,-0.3326535586397517],"max":[0.22699583142566115,0.04530379921197891,-0.264321253259348]},"baseIds":[14],"sourcePartIds":[6],"articulationIds":[4]},{"pid":7,"label":"wheel","name":"wheel 3","obb":{"centroid":[0.3115556615225717,0.022652123227985044,0.06885130192905105],"axesLengths":[0.05042077113428379,0.04530335196798774,0.04776132233993479],"normalizedAxes":[-0.308200464881989,0,0.9513214353973771,0,1,0,-0.9513214353973771,0,-0.308200464881989],"min":[0.2810676241084726,4.4724399117512803e-7,0.037508090870123086],"max":[0.3420436989366708,0.04530379921197891,0.10019451298797902]},"baseIds":[13],"sourcePartIds":[7],"articulationIds":[5]},{"pid":8,"label":"wheel","name":"wheel 4","obb":{"centroid":[-0.000004250556230545044,0.02265212849698628,0.29587800800800323],"axesLengths":[0.05022289976477623,0.04530334142998527,0.04788801074028015],"normalizedAxes":[1,0,0,0,1,0,0,0,1],"min":[-0.02511570043861866,4.577819936457672e-7,0.27193400263786316],"max":[0.02510719932615757,0.04530379921197891,0.3198220133781433]},"baseIds":[12],"sourcePartIds":[8],"articulationIds":[6]},{"pid":9,"label":"wheel","name":"wheel 5","obb":{"centroid":[-0.31156264989571525,0.022652124013987418,0.06885059665886009],"axesLengths":[0.05042080164900588,0.04530335039598299,0.047761261421340205],"normalizedAxes":[0.3081996849104914,0,0.9513216880850947,0,1,0,-0.9513216880850947,0,0.3081996849104914],"min":[-0.3420506494065057,4.488159959237237e-7,0.03750739272869976],"max":[-0.2810746503849248,0.04530379921197891,0.10019380058902042]},"baseIds":[11],"sourcePartIds":[9],"articulationIds":[7]},{"pid":10,"label":"gas lift piece","name":"gas lift piece 1","obb":{"centroid":[-0.0000034514814615249634,0.3277985081076622,-0.09723005443811417],"axesLengths":[0.3386359065771103,0.4044810086488724,0.07327890023589134],"normalizedAxes":[0,0,1,0,1,0,-1,0,0],"metadata":{"constrainVertical":true},"min":[-0.036642901599407196,0.125558003783226,-0.2665480077266693],"max":[0.036635998636484146,0.5300390124320984,0.07208789885044098]},"baseIds":[1],"childIds":[3,4,16,17,18,19,22,23],"sourcePartIds":[10,33,34,3,30,29],"articulationIds":[8]},{"pid":11,"label":"caster","name":"caster 1","obb":{"centroid":[-0.31456876751248053,0.039194400422275066,0.06983009588155385],"axesLengths":[0.06121898539984469,0.03942959941923618,0.03846376605297224],"normalizedAxes":[0.9507884260879675,0,-0.309840876607922,0,1,0,0.309840876607922,0,0.9507884260879675],"metadata":{"constrainVertical":true},"min":[-0.3496307423957383,0.019479600712656975,0.04206057203742549],"max":[-0.27950679262922273,0.05890920013189316,0.09759961972568221]},"baseIds":[1],"childIds":[9],"sourcePartIds":[11],"articulationIds":[9]},{"pid":12,"label":"caster","name":"caster 2","obb":{"centroid":[-0.000004258851778342343,0.039194400422275066,0.2990639691532885],"axesLengths":[0.061350070440885376,0.03942959941923618,0.038361455049619325],"normalizedAxes":[0.0000028965496737379823,0,-0.9999999999958049,0,1,0,0.9999999999958051,0,0.000002896549673737983],"metadata":{"constrainVertical":true},"min":[-0.019185075228270804,0.019479600712656975,0.26838887837504444],"max":[0.01917655752471412,0.05890920013189316,0.3297390599315325]},"baseIds":[1],"childIds":[8],"sourcePartIds":[12],"articulationIds":[10]},{"pid":13,"label":"caster","name":"caster 3","obb":{"centroid":[0.3145617983448128,0.039194400422275066,0.0698308518419109],"axesLengths":[0.06121907486593166,0.03942959941923618,0.03846382979215204],"normalizedAxes":[-0.9507885141813512,0,-0.30984060628138865,0,1,0,0.30984060628138865,0,-0.9507885141813512],"metadata":{"constrainVertical":true},"min":[0.2794997735577925,0.019479600712656975,0.04206129041678559],"max":[0.3496238231318331,0.05890920013189316,0.09760041326703621]},"baseIds":[1],"childIds":[7],"sourcePartIds":[13],"articulationIds":[11]},{"pid":14,"label":"caster","name":"caster 4","obb":{"centroid":[0.1944033551169084,0.03919435013085604,-0.3010440891122306],"axesLengths":[0.06133864942571054,0.039429498836398125,0.03840102439572087],"normalizedAxes":[-0.5866570291310317,0,0.8098354957466065,0,1,0,-0.8098354957466065,0,-0.5866570291310317],"metadata":{"constrainVertical":true},"min":[0.16086172388106673,0.019479600712656975,-0.3371453123390703],"max":[0.22794498635275007,0.0589090995490551,-0.26494286588539084]},"baseIds":[1],"childIds":[6],"sourcePartIds":[14],"articulationIds":[12]},{"pid":15,"label":"caster","name":"caster 5","obb":{"centroid":[-0.19440941907541465,0.03919435013085604,-0.30104489988175054],"axesLengths":[0.06133886017464778,0.039429498836398125,0.03840138135921417],"normalizedAxes":[-0.5866570291310317,0,-0.8098354957466065,0,1,0,0.8098354957466065,0,-0.5866570291310317],"metadata":{"constrainVertical":true},"min":[-0.2279512566707828,0.019479600712656975,-0.33714631315214655],"max":[-0.16086758148004648,0.0589090995490551,-0.26494348661135453]},"baseIds":[1],"childIds":[5],"sourcePartIds":[15],"articulationIds":[13]},{"pid":16,"label":"lever","name":"lever 1","obb":{"centroid":[-0.12082043167761676,0.4311322839991631,-0.12516338765851945],"axesLengths":[0.20634224234127516,0.025393928587319543,0.0436910277255675],"normalizedAxes":[-0.9875445223177617,-0.15733981198914215,-0.0000018453585210567088,-0.15733981197672742,0.9875445223055648,-0.000005603765513849897,0.0000027040691115398323,-0.000005243619574822928,-0.9999999999825964],"min":[-0.22470430429748087,0.40236042710378883,-0.14700916305944123],"max":[-0.016936559057752654,0.45990414089453735,-0.10331761225759767]},"baseIds":[10],"sourcePartIds":[19],"articulationIds":[14]},{"pid":17,"label":"lever","name":"lever 2","obb":{"centroid":[-0.10547612150867541,0.40197446340323284,-0.046148800580392],"axesLengths":[0.17188974667131618,0.01326122600540659,0.048575399443507195],"normalizedAxes":[0.9610262329246613,0.27645719312514544,-4.685401295822574e-9,0.2764571931251455,-0.9610262329246619,7.21117619333263e-10,-4.303435404110738e-9,-1.9883258401114746e-9,-1],"min":[-0.18990448013357708,0.3718421918730996,-0.07043650070961327],"max":[-0.02104776288377376,0.4321067349333661,-0.02186110045117073]},"baseIds":[10],"sourcePartIds":[20],"articulationIds":[15]},{"pid":18,"label":"lever","name":"lever 3","obb":{"centroid":[0.10548728396686273,0.4020289032541413,-0.04614880058529216],"axesLengths":[0.17188514162681123,0.013144521953066226,0.048575399443507195],"normalizedAxes":[0.9606192742752726,-0.27786797204940417,4.765446491328376e-9,-0.27786797204940406,-0.9606192742752729,-2.2184784257324155e-12,4.578396194198703e-9,-1.3220338393200412e-9,-1],"min":[0.021102973022210397,0.3718347747877739,-0.07043650071661506],"max":[0.18987159491151506,0.43222303172050874,-0.02186110045396926]},"baseIds":[10],"sourcePartIds":[21],"articulationIds":[16]},{"pid":19,"label":"lever","name":"lever 4","obb":{"centroid":[0.12081358200678938,0.43113229868359804,-0.1251633809261374],"axesLengths":[0.2063419443565357,0.025393934577479717,0.04369102472057558],"normalizedAxes":[-0.9875445198070368,0.1573398277460228,0.0000019852514564579187,0.1573398277346248,0.9875445197983034,-0.000004977601137581632,-0.0000027436991018221193,-0.000004603243603035011,-0.9999999999856413],"min":[0.016929855245501557,0.4023604746684113,-0.14700916130687314],"max":[0.2246973087680772,0.4599041226987848,-0.10331760054540169]},"baseIds":[10],"sourcePartIds":[22],"articulationIds":[17]},{"pid":20,"label":"arm support","name":"arm support 1","obb":{"centroid":[0.2664954960346222,0.6298309862613678,0.005905501544475555],"axesLengths":[0.33273299038410187,0.2452220320701599,0.04708898067474365],"normalizedAxes":[0,0,1,0,1,0,-1,0,0],"metadata":{"constrainVertical":true},"min":[0.24295100569725037,0.5072199702262878,-0.16046099364757538],"max":[0.290039986371994,0.7524420022964478,0.1722719967365265]},"baseIds":[3],"sourcePartIds":[23,25,12],"articulationIds":[18]},{"pid":21,"label":"arm support","name":"arm support 2","obb":{"centroid":[-0.2665019929409027,0.6298309862613678,0.005905501544475555],"axesLengths":[0.33273299038410187,0.2452220320701599,0.047089993953704834],"normalizedAxes":[0,0,1,0,1,0,-1,0,0],"metadata":{"constrainVertical":true},"min":[-0.2900469899177551,0.5072199702262878,-0.16046099364757538],"max":[-0.2429569959640503,0.7524420022964478,0.1722719967365265]},"baseIds":[3],"sourcePartIds":[24,26,13],"articulationIds":[19]},{"pid":22,"label":"tilt-control knob","name":"tilt-control knob 1","obb":{"centroid":[-0.000003334582355334182,0.38487254507469515,0.04605876657858517],"axesLengths":[0.0467456729592501,0.08117686601214064,0.0488675140013376],"normalizedAxes":[-0.999999999997077,2.4766919190045047e-8,-0.000002417957816254697,4.6897562853098386e-7,0.9829473866844802,-0.18388701696946996,0.0000023721710017114857,-0.18388701697006637,-0.9829473866816185],"min":[-0.023376248057947763,0.3404831996546626,0.014577926604479964],"max":[0.023369578893237094,0.4292618904947277,0.07753960655269038]},"baseIds":[10],"sourcePartIds":[31],"articulationIds":[20]},{"pid":23,"label":"back connector","name":"back connector 1","obb":{"centroid":[-0.000003400258719921112,0.5451757741716062,-0.2511919760936668],"axesLengths":[0.04846919886767864,0.05885135518901286,0.004982923170799048],"normalizedAxes":[1,0,0,0,-0.9990159018043653,-0.04435344340647005,0,0.04435344340647005,-0.9990159018043653],"metadata":{"constrainVertical":false},"min":[-0.024237999692559242,0.5156685494328985,-0.2549861159621006],"max":[0.0242311991751194,0.5746829989103139,-0.24739783622523295]},"baseIds":[10],"childIds":[2],"sourcePartIds":[23],"articulationIds":[21]}],"sourceParts":[{"pid":0,"label":"unknown","name":"unknown"},{"pid":1,"label":"backrest","name":"backrest 1","obb":{"centroid":[-0.000013745977990922187,0.805563295720988,-0.23361884332075455],"axesLengths":[0.4824340028435006,0.5283991761970127,0.15432112119676758],"normalizedAxes":[0.9999999964726549,0.00006933402473874864,-0.00004740762444862734,0.00007546731321710647,-0.9894633778937337,0.1447833488761976,-0.00003686969593211521,-0.1447833519432228,-0.9894633796360077],"metadata":{"constrainVertical":false},"min":[-0.24125352986835968,0.5329591896961106,-0.34822952904666815],"max":[0.24122603791237784,1.0781674017458653,-0.11900815759484099]},"baseIds":[32]},{"pid":2,"label":"seat","name":"seat 1","obb":{"centroid":[0.0012117773174068881,0.49612683216446873,0.0017153631939310428],"axesLengths":[0.4707724027803586,0.45486649896296183,0.11853542633910424],"normalizedAxes":[0.9999052776481825,-0.000392952792203678,0.013757954768591188,0.013763243547062017,0.03538232640858392,-0.9992790721840323,-0.00009411894473141091,0.9993737722023827,0.035384383216395324],"metadata":{"constrainVertical":false},"min":[-0.23728792515612485,0.42875662095000344,-0.23088950751875018],"max":[0.2397114797909386,0.563497043378934,0.23432023390661225]},"baseIds":[3],"childIds":[28,24,27,23]},{"pid":3,"label":"gas lift mechanism","name":"gas lift mechanism 1","obb":{"centroid":[-0.000003400258719921112,0.4629560112953186,-0.09723005443811417],"axesLengths":[0.3386359065771103,0.13416600227355957,0.05888480134308338],"normalizedAxes":[0,0,1,0,1,0,-1,0,0],"metadata":{"constrainVertical":true},"min":[-0.029445800930261612,0.3958730101585388,-0.2665480077266693],"max":[0.02943900041282177,0.5300390124320984,0.07208789885044098]}},{"pid":4,"label":"height-adjusting knob","name":"height-adjusting knob 1","obb":{"centroid":[-0.000003403546614084969,0.5109643132877596,-0.27319210915572895],"axesLengths":[0.043500850042037895,0.04565930783309468,0.033250726349767654],"normalizedAxes":[-0.9999999999951097,0.000003110155033632486,-3.278184111804256e-7,0.0000030857009328749037,0.9982931154243142,0.05840253151101227,5.088997903466107e-7,0.05840253150971514,-0.9982931154290297],"metadata":{"constrainVertical":false},"min":[-0.02175390747365489,0.4872025960114752,-0.2911224114671592],"max":[0.021747100380426716,0.534726030564044,-0.25526180684429867]},"baseIds":[3]},{"pid":5,"label":"wheel","name":"wheel 1","obb":{"centroid":[-0.19255750590495094,0.02265211576448678,-0.2984880008278831],"axesLengths":[0.05037805616320885,0.045303366894984265,0.04783938238362179],"normalizedAxes":[0.8082018904364507,0,-0.5889055138941622,0,1,0,0.5889055138941622,0,0.8082018904364507],"metadata":{"constrainVertical":true},"min":[-0.22700176405226352,4.3231699464740814e-7,-0.33265389799465256],"max":[-0.15811324775763835,0.04530379921197891,-0.2643221036611137]},"baseIds":[18]},{"pid":6,"label":"wheel","name":"wheel 2","obb":{"centroid":[0.1925514330320727,0.02265211527848976,-0.29848740594954987],"axesLengths":[0.05037781732491822,0.045303367866978306,0.04784004205707631],"normalizedAxes":[0.8081963238278232,0,0.5889131533182056,0,1,0,-0.5889131533182056,0,0.8081963238278232],"metadata":{"constrainVertical":true},"min":[0.15810703463848425,4.3134500060659775e-7,-0.3326535586397517],"max":[0.22699583142566115,0.04530379921197891,-0.264321253259348]},"baseIds":[17]},{"pid":7,"label":"wheel","name":"wheel 3","obb":{"centroid":[0.3115556615225717,0.022652123227985044,0.06885130192905105],"axesLengths":[0.05042077113428379,0.04530335196798774,0.04776132233993479],"normalizedAxes":[-0.308200464881989,0,0.9513214353973771,0,1,0,-0.9513214353973771,0,-0.308200464881989],"metadata":{"constrainVertical":true},"min":[0.2810676241084726,4.4724399117512803e-7,0.037508090870123086],"max":[0.3420436989366708,0.04530379921197891,0.10019451298797902]},"baseIds":[16]},{"pid":8,"label":"wheel","name":"wheel 4","obb":{"centroid":[-0.000004250556230545044,0.02265212849698628,0.29587800800800323],"axesLengths":[0.05022289976477623,0.04530334142998527,0.04788801074028015],"normalizedAxes":[1,0,0,0,1,0,0,0,1],"metadata":{"constrainVertical":true},"min":[-0.02511570043861866,4.577819936457672e-7,0.27193400263786316],"max":[0.02510719932615757,0.04530379921197891,0.3198220133781433]},"baseIds":[15]},{"pid":9,"label":"wheel","name":"wheel 5","obb":{"centroid":[-0.31156264989571525,0.022652124013987418,0.06885059665886009],"axesLengths":[0.05042080164900588,0.04530335039598299,0.047761261421340205],"normalizedAxes":[0.3081996849104914,0,0.9513216880850947,0,1,0,-0.9513216880850947,0,0.3081996849104914],"metadata":{"constrainVertical":true},"min":[-0.3420506494065057,4.488159959237237e-7,0.03750739272869976],"max":[-0.2810746503849248,0.04530379921197891,0.10019380058902042]},"baseIds":[14]},{"pid":10,"label":"gas lift piece","name":"gas lift piece 1","obb":{"centroid":[-0.0000034024441829122454,0.19555649906396866,-0.03267924437259681],"axesLengths":[0.07100434899210187,0.1399969905614853,0.07079592318325749],"normalizedAxes":[0.2581116698715823,0,-0.9661150893532837,0,1,0,0.9661150893532837,0,0.2581116698715823],"metadata":{"constrainVertical":true},"min":[-0.04336543281345143,0.125558003783226,-0.07611505783455036],"max":[0.0433586279250856,0.2655549943447113,0.010756569089356738]},"baseIds":[11],"childIds":[33,34,3,2,4,19,20,21,22,31,32,30,29]},{"pid":11,"label":"base","name":"base 1","obb":{"centroid":[-0.01899233106407275,0.09223355166614056,-0.05927113517694976],"axesLengths":[0.7007129341792745,0.06664890423417091,0.6692602838611789],"normalizedAxes":[-0.8080292820905718,0,0.5891423251508886,0,1,0,-0.5891423251508886,0,-0.8080292820905718],"metadata":{"constrainVertical":true},"min":[-0.4992353955248606,0.0589090995490551,-0.5360719121798297],"max":[0.4612507333967152,0.125558003783226,0.4175296418259302]}},{"pid":12,"label":"arm","name":"arm 1","obb":{"centroid":[0.2664954960346222,0.6468755006790161,0.005905501544475555],"axesLengths":[0.33273299038410187,0.21113300323486328,0.04708898067474365],"normalizedAxes":[0,0,1,0,1,0,-1,0,0],"metadata":{"constrainVertical":true},"min":[0.24295100569725037,0.5413089990615845,-0.16046099364757538],"max":[0.290039986371994,0.7524420022964478,0.1722719967365265]}},{"pid":13,"label":"arm","name":"arm 2","obb":{"centroid":[-0.2665019929409027,0.6468755006790161,0.005905501544475555],"axesLengths":[0.33273299038410187,0.21113300323486328,0.047089993953704834],"normalizedAxes":[0,0,1,0,1,0,-1,0,0],"metadata":{"constrainVertical":true},"min":[-0.2900469899177551,0.5413089990615845,-0.16046099364757538],"max":[-0.2429569959640503,0.7524420022964478,0.1722719967365265]}},{"pid":14,"label":"caster","name":"caster 1","obb":{"centroid":[-0.31456876751248053,0.039194400422275066,0.06983009588155385],"axesLengths":[0.06121898539984469,0.03942959941923618,0.03846376605297224],"normalizedAxes":[0.9507884260879675,0,-0.309840876607922,0,1,0,0.309840876607922,0,0.9507884260879675],"metadata":{"constrainVertical":true},"min":[-0.3496307423957383,0.019479600712656975,0.04206057203742549],"max":[-0.27950679262922273,0.05890920013189316,0.09759961972568221]},"baseIds":[11],"childIds":[9]},{"pid":15,"label":"caster","name":"caster 2","obb":{"centroid":[-0.000004258851778342343,0.039194400422275066,0.2990639691532885],"axesLengths":[0.061350070440885376,0.03942959941923618,0.038361455049619325],"normalizedAxes":[0.0000028965496737379823,0,-0.9999999999958049,0,1,0,0.9999999999958051,0,0.000002896549673737983],"metadata":{"constrainVertical":true},"min":[-0.019185075228270804,0.019479600712656975,0.26838887837504444],"max":[0.01917655752471412,0.05890920013189316,0.3297390599315325]},"baseIds":[11],"childIds":[8]},null,null,null,{"pid":19,"label":"lever","name":"lever 1","obb":{"centroid":[-0.12082043167761676,0.4311322839991631,-0.12516338765851945],"axesLengths":[0.20634224234127516,0.025393928587319543,0.0436910277255675],"normalizedAxes":[-0.9875445223177617,-0.15733981198914215,-0.0000018453585210567088,-0.15733981197672742,0.9875445223055648,-0.000005603765513849897,0.0000027040691115398323,-0.000005243619574822928,-0.9999999999825964],"metadata":{"constrainVertical":false},"min":[-0.22470430429748087,0.40236042710378883,-0.14700916305944123],"max":[-0.016936559057752654,0.45990414089453735,-0.10331761225759767]},"baseIds":[3]},{"pid":20,"label":"lever","name":"lever 2","obb":{"centroid":[-0.10547612150867541,0.40197446340323284,-0.046148800580392],"axesLengths":[0.17188974667131618,0.01326122600540659,0.048575399443507195],"normalizedAxes":[0.9610262329246613,0.27645719312514544,-4.685401295822574e-9,0.2764571931251455,-0.9610262329246619,7.21117619333263e-10,-4.303435404110738e-9,-1.9883258401114746e-9,-1],"metadata":{"constrainVertical":false},"min":[-0.18990448013357708,0.3718421918730996,-0.07043650070961327],"max":[-0.02104776288377376,0.4321067349333661,-0.02186110045117073]},"baseIds":[3]},{"pid":21,"label":"lever","name":"lever 3","obb":{"centroid":[0.10548728396686273,0.4020289032541413,-0.04614880058529216],"axesLengths":[0.17188514162681123,0.013144521953066226,0.048575399443507195],"normalizedAxes":[0.9606192742752726,-0.27786797204940417,4.765446491328376e-9,-0.27786797204940406,-0.9606192742752729,-2.2184784257324155e-12,4.578396194198703e-9,-1.3220338393200412e-9,-1],"metadata":{"constrainVertical":false},"min":[0.021102973022210397,0.3718347747877739,-0.07043650071661506],"max":[0.18987159491151506,0.43222303172050874,-0.02186110045396926]},"baseIds":[3]},{"pid":22,"label":"lever","name":"lever 4","obb":{"centroid":[0.12081358200678938,0.43113229868359804,-0.1251633809261374],"axesLengths":[0.2063419443565357,0.025393934577479717,0.04369102472057558],"normalizedAxes":[-0.9875445198070368,0.1573398277460228,0.0000019852514564579187,0.1573398277346248,0.9875445197983034,-0.000004977601137581632,-0.0000027436991018221193,-0.000004603243603035011,-0.9999999999856413],"metadata":{"constrainVertical":false},"min":[0.016929855245501557,0.4023604746684113,-0.14700916130687314],"max":[0.2246973087680772,0.4599041226987848,-0.10331760054540169]},"baseIds":[3]},{"pid":23,"label":"arm support","name":"arm support 1","obb":{"centroid":[0.2654299885034561,0.6186039745807648,-0.016268249601125717],"axesLengths":[0.14927270263433456,0.22276800870895386,0.020743995904922485],"normalizedAxes":[0,0,1,0,1,0,-1,0,0],"metadata":{"constrainVertical":true},"min":[0.2550579905509949,0.5072199702262878,-0.090904600918293],"max":[0.27580198645591736,0.7299879789352417,0.058368101716041565]},"baseIds":[27],"childIds":[25,12]},{"pid":24,"label":"arm support","name":"arm support 2","obb":{"centroid":[-0.2654369920492172,0.6186039745807648,-0.016268249601125717],"axesLengths":[0.14927270263433456,0.22276800870895386,0.020743995904922485],"normalizedAxes":[0,0,1,0,1,0,-1,0,0],"metadata":{"constrainVertical":true},"min":[-0.27580899000167847,0.5072199702262878,-0.090904600918293],"max":[-0.255064994096756,0.7299879789352417,0.058368101716041565]},"baseIds":[28],"childIds":[26,13]},{"pid":25,"label":"button","name":"button 1","obb":{"centroid":[0.27841199934482574,0.670956015586853,-0.01597961992956698],"axesLengths":[0.023172359447926283,0.029546022415161133,0.006899982690811157],"normalizedAxes":[0,0,1,0,1,0,-1,0,0],"metadata":{"constrainVertical":true},"min":[0.27496200799942017,0.6561830043792725,-0.02756579965353012],"max":[0.2818619906902313,0.6857290267944336,-0.004393440205603838]}},{"pid":26,"label":"button","name":"button 2","obb":{"centroid":[-0.27841849625110626,0.670956015586853,-0.01597961992956698],"axesLengths":[0.023172359447926283,0.029546022415161133,0.006900995969772339],"normalizedAxes":[0,0,1,0,1,0,-1,0,0],"metadata":{"constrainVertical":true},"min":[-0.28186899423599243,0.6561830043792725,-0.02756579965353012],"max":[-0.2749679982662201,0.6857290267944336,-0.004393440205603838]}},{"pid":27,"label":"arm frame","name":"arm frame 1","obb":{"centroid":[0.23169950395822525,0.49754250049591064,-0.016946314368396997],"axesLengths":[0.0722070187330246,0.03743302822113037,0.04909976851195097],"normalizedAxes":[1,0,0,0,1,0,0,0,1],"metadata":{"constrainVertical":true},"min":[0.19559599459171295,0.47882598638534546,-0.04149619862437248],"max":[0.26780301332473755,0.5162590146064758,0.007603569887578487]}},{"pid":28,"label":"arm frame","name":"arm frame 2","obb":{"centroid":[-0.23170649260282516,0.49754250049591064,-0.016946314368396997],"axesLengths":[0.07220698893070221,0.03743302822113037,0.04909976851195097],"normalizedAxes":[1,0,0,0,1,0,0,0,1],"metadata":{"constrainVertical":true},"min":[-0.26780998706817627,0.47882598638534546,-0.04149619862437248],"max":[-0.19560299813747406,0.5162590146064758,0.007603569887578487]}},{"pid":29,"label":"screw","name":"screw 1","obb":{"centroid":[-0.0000034011900424957275,0.40995900332927704,-0.21377850323915482],"axesLengths":[0.06386400014162064,0.013035982847213745,0.015133008360862732],"normalizedAxes":[1,0,0,0,1,0,0,0,1],"metadata":{"constrainVertical":true},"min":[-0.031935401260852814,0.40344101190567017,-0.22134500741958618],"max":[0.03192859888076782,0.4164769947528839,-0.20621199905872345]}},{"pid":30,"label":"screw","name":"screw 2","obb":{"centroid":[-0.0000034011900424957275,0.45670899748802185,-0.2110000029206276],"axesLengths":[0.06386400014162064,0.013036012649536133,0.01513199508190155],"normalizedAxes":[1,0,0,0,1,0,0,0,1],"metadata":{"constrainVertical":true},"min":[-0.031935401260852814,0.4501909911632538,-0.21856600046157837],"max":[0.03192859888076782,0.4632270038127899,-0.20343400537967682]}},{"pid":31,"label":"tilt-control knob","name":"tilt-control knob 1","obb":{"centroid":[-0.000003334582355334182,0.38487254507469515,0.04605876657858517],"axesLengths":[0.0467456729592501,0.08117686601214064,0.0488675140013376],"normalizedAxes":[-0.999999999997077,2.4766919190045047e-8,-0.000002417957816254697,4.6897562853098386e-7,0.9829473866844802,-0.18388701696946996,0.0000023721710017114857,-0.18388701697006637,-0.9829473866816185],"metadata":{"constrainVertical":false},"min":[-0.023376248057947763,0.3404831996546626,0.014577926604479964],"max":[0.023369578893237094,0.4292618904947277,0.07753960655269038]},"baseIds":[3]},null,{"pid":33,"label":"gas lift piece","name":"gas lift piece 2","obb":{"centroid":[-0.0000034018179195967335,0.2942339926958084,-0.03267925536853771],"axesLengths":[0.06119087273143915,0.057357996702194214,0.06101129024375235],"normalizedAxes":[-0.2581152296767808,0,-0.9661141382926257,0,1,0,0.9661141382926257,0,-0.2581152296767808],"metadata":{"constrainVertical":true},"min":[-0.03737248495250067,0.2655549943447113,-0.07011191060576319],"max":[0.037365681316661487,0.3229129910469055,0.004753399868687759]}},{"pid":34,"label":"gas lift piece","name":"gas lift piece 3","obb":{"centroid":[-0.0000033959955790599516,0.36501549184322357,-0.03267921519819996],"axesLengths":[0.04482501689560643,0.08420500159263611,0.04469347080428971],"normalizedAxes":[0.25810999963450765,0,-0.9661155355798159,0,1,0,0.9661155355798159,0,0.25810999963450765],"metadata":{"constrainVertical":true},"min":[-0.027377816784353557,0.3229129910469055,-0.06010020366741656],"max":[0.027371024793195437,0.4071179926395416,-0.0052582267289833645]}}],"connectivityGraph":[[],[10,11,12,13,14,15],[23],[10,20,21],[10],[15],[14],[13],[12],[11],[3,4,1,16,17,18,19,22,23],[9,1],[8,1],[7,1],[6,1],[5,1],[10],[10],[10],[10],[3],[3],[10],[2,10]],"articulations":[{"pid":2,"type":"Translation","axis":[0,0,-1],"origin":[-0.000002995133399963379,0.8057070374488831,-0.22296250611543655],"rangeMin":-0.0113819763064384,"rangeMax":0.0106180236935616,"base":[23],"value":0},{"pid":3,"type":"Translation","axis":[0,1,0],"origin":[-0.0000035017728805541992,0.4909989982843399,0.002804003655910492],"rangeMin":-0.0222490034103394,"rangeMax":0.0257509965896606,"base":[10],"value":0},{"pid":4,"type":"Central Rotation","axis":[0,0,-1],"origin":[-0.0000033993273973464966,0.5114484876394272,-0.27365849912166595],"rangeMin":-3.141592653589793,"rangeMax":3.141592653589793,"base":[10],"value":0},{"pid":5,"type":"Central Rotation","axis":[0.8082018904364507,0,-0.5889055138941622],"origin":[-0.19255750590495094,0.02265211576448678,-0.2984880008278831],"rangeMin":-3.141592653589793,"rangeMax":3.141592653589793,"base":[15],"value":0},{"pid":6,"type":"Central Rotation","axis":[0.8081963238278232,0,0.5889131533182056],"origin":[0.1925514330320727,0.02265211527848976,-0.29848740594954987],"rangeMin":-3.141592653589793,"rangeMax":3.141592653589793,"base":[14],"value":0},{"pid":7,"type":"Central Rotation","axis":[-0.308200464881989,0,0.9513214353973771],"origin":[0.3115556615225717,0.022652123227985044,0.06885130192905105],"rangeMin":-3.141592653589793,"rangeMax":3.141592653589793,"base":[13],"value":0},{"pid":8,"type":"Central Rotation","axis":[1,0,0],"origin":[-0.000004250556230545044,0.02265212849698628,0.29587800800800323],"rangeMin":-3.141592653589793,"rangeMax":3.141592653589793,"base":[12],"value":0},{"pid":9,"type":"Central Rotation","axis":[0.3081996849104914,0,0.9513216880850947],"origin":[-0.31156264989571525,0.022652124013987418,0.06885059665886009],"rangeMin":-3.141592653589793,"rangeMax":3.141592653589793,"base":[11],"value":0},{"pid":10,"type":"Central Rotation","axis":[0,1,0],"origin":[-0.0000034024441829122454,0.19555649906396866,-0.03267924437259681],"rangeMin":-3.141592653589793,"rangeMax":3.141592653589793,"base":[1],"value":0},{"pid":11,"type":"Central Rotation","axis":[0,1,0],"origin":[-0.31456876751248053,0.039194400422275066,0.06983009588155385],"rangeMin":-3.141592653589793,"rangeMax":3.141592653589793,"base":[1],"value":0},{"pid":12,"type":"Central Rotation","axis":[0,1,0],"origin":[-0.000004258851778342343,0.039194400422275066,0.2990639691532885],"rangeMin":-3.141592653589793,"rangeMax":3.141592653589793,"base":[1],"value":0},{"pid":13,"type":"Central Rotation","axis":[0,1,0],"origin":[0.3145617983448128,0.039194400422275066,0.0698308518419109],"rangeMin":-3.141592653589793,"rangeMax":3.141592653589793,"base":[1],"value":0},{"pid":14,"type":"Central Rotation","axis":[0,1,0],"origin":[0.1944033551169084,0.03919435013085604,-0.3010440891122306],"rangeMin":-3.141592653589793,"rangeMax":3.141592653589793,"base":[1],"value":0},{"pid":15,"type":"Central Rotation","axis":[0,1,0],"origin":[-0.19440941907541465,0.03919435013085604,-0.30104489988175054],"rangeMin":-3.141592653589793,"rangeMax":3.141592653589793,"base":[1],"value":0},{"pid":16,"type":"Hinge Rotation","axis":[0,0,1],"origin":[-0.020529599860310555,0.4599039852619171,-0.1033179983496666],"rangeMin":-0.2827433388230814,"rangeMax":0.17278759594743862,"base":[10],"value":0},{"pid":17,"type":"Hinge Rotation","axis":[-0.14735776986625357,0,0.9890832561822307],"origin":[-0.028628995059145193,0.40137051045894623,-0.0015751138376658494],"rangeMin":-0.2827433388230814,"rangeMax":0.17278759594743862,"base":[10],"value":0},{"pid":18,"type":"Hinge Rotation","axis":[0.14735797619637703,0,0.9890832254422821],"origin":[0.03156678998228317,0.42587301015853885,-0.005321226497209745],"rangeMin":-0.2827433388230814,"rangeMax":0.17278759594743862,"base":[10],"value":0},{"pid":19,"type":"Hinge Rotation","axis":[0,0,1],"origin":[0.029678646452724583,0.43894098699092865,-0.1033179983496666],"rangeMin":-0.2827433388230814,"rangeMax":0.17278759594743862,"base":[10],"value":0},{"pid":20,"type":"Translation","axis":[0,1,0],"origin":[0.2654299885034561,0.6186039745807648,-0.016268249601125717],"rangeMin":-0.018716514110565186,"rangeMax":0.018716514110565186,"base":[3],"value":0},{"pid":21,"type":"Translation","axis":[0,1,0],"origin":[-0.2654369920492172,0.6186039745807648,-0.016268249601125717],"rangeMin":-0.018716514110565186,"rangeMax":0.018716514110565186,"base":[3],"value":0},{"pid":22,"type":"Central Rotation","axis":[0,1,0],"origin":[0.00004150938147997815,0.3861124962568283,0.04693169374315328],"rangeMin":-0.91106186954104,"rangeMax":0.6283185307179586,"base":[10],"value":0},{"pid":23,"type":"Hinge Rotation","axis":[1,0,0],"origin":[-0.000003400258719921112,0.5156710147857666,-0.25119199603796005],"rangeMin":-0.4084070449666731,"rangeMax":0.1413716694115407,"base":[10],"value":0}]}