{"version":"articulated-parts@0.0.1","modelId":"p5d.74","metadata":{"connectivity":{"minDist":0.001,"maxDist":0.05,"minConnDist":0.001,"maxConnDist":0.05,"maxConnRelDist":0,"partsAnnId":27493,"condensed":true}},"parts":[null,{"pid":1,"label":"static","name":"static","obb":{"centroid":[0,0.4220330090277995,0.0007060021162033081],"axesLengths":[0.7001799941062927,0.8440660295975992,0.4000000059604645],"normalizedAxes":[1,0,0,0,1,0,0,0,1],"metadata":{"constrainVertical":true},"min":[-0.35008999705314636,-5.771000122223313e-9,-0.19929400086402893],"max":[0.35008999705314636,0.8440660238265991,0.20070600509643555]},"sourcePartIds":[1,2,6,7,8,9,10]},{"pid":2,"label":"faucet base","name":"faucet base 1","obb":{"centroid":[9.057687326563535e-8,0.9140680134296417,-0.134774663520808],"axesLengths":[0.06025512925255569,0.1409580111503601,0.06025480963127773],"normalizedAxes":[-0.25882091658070167,0,-0.965925324826058,0,1,0,0.965925324826058,0,-0.25882091658070167],"metadata":{"constrainVertical":true},"min":[-0.036898376596756405,0.8435890078544617,-0.17167324369724496],"max":[0.036898557750502936,0.9845470190048218,-0.09787608334437102]},"baseIds":[1],"childIds":[5,6],"sourcePartIds":[2],"articulationIds":[0]},{"pid":3,"label":"cabinet door","name":"cabinet door 1","obb":{"centroid":[0.1602895391988568,0.34459175541996956,0.17764899879693985],"axesLengths":[0.3185628984356299,0.5192445144057274,0.027203992009162903],"normalizedAxes":[1,0,0,0,1,0,0,0,1],"metadata":{"constrainVertical":true},"min":[0.0010080899810418487,0.08496949821710587,0.1640470027923584],"max":[0.31957098841667175,0.6042140126228333,0.1912509948015213]},"baseIds":[1],"sourcePartIds":[11,5],"articulationIds":[1]},{"pid":4,"label":"cabinet door","name":"cabinet door 2","obb":{"centroid":[-0.1592384242103435,0.3393567390739918,0.17764899879693985],"axesLengths":[0.3206651284126565,0.5087744817137718,0.027203992009162903],"normalizedAxes":[1,0,0,0,1,0,0,0,1],"metadata":{"constrainVertical":true},"min":[-0.31957098841667175,0.08496949821710587,0.1640470027923584],"max":[0.001094139995984733,0.5937439799308777,0.1912509948015213]},"baseIds":[1],"sourcePartIds":[12,4],"articulationIds":[2]},{"pid":5,"label":"faucet spout","name":"faucet spout 1","obb":{"centroid":[-3.4339227360750734e-9,0.9393575118241538,-0.05947273846292085],"axesLengths":[0.026349404236115904,0.1286342956916404,0.03434267274906738],"normalizedAxes":[-0.9999999999989244,0.0000013448681581700717,-5.854589665338831e-7,9.014092973456219e-8,-0.3420448811351013,-0.9396836165908535,-0.0000014640038173246943,-0.9396836165898955,0.3420448811346122],"min":[-0.013174736488476025,0.9012225194499407,-0.1257838839818871],"max":[0.013174729620630552,0.977492504198367,0.006838407056045395]},"baseIds":[2],"sourcePartIds":[13],"articulationIds":[3]},{"pid":6,"label":"faucet handle","name":"faucet handle 1","obb":{"centroid":[0.004500643686358073,0.9943904876708984,-0.11797816499197093],"axesLengths":[0.08994855982045746,0.027698993682861328,0.05516967414236384],"normalizedAxes":[-0.25881608841443515,0,-0.965926618526403,0,1,0,0.965926618526403,0,-0.25881608841443515],"min":[-0.03378435191403176,0.9805409908294678,-0.1685594187366309],"max":[0.042785639286747904,1.008239984512329,-0.06739691124731095]},"baseIds":[2],"sourcePartIds":[14],"articulationIds":[4]}],"sourceParts":[null,{"pid":1,"label":"cabinet","name":"cabinet 1","obb":{"centroid":[0,0.4391532428562641,0],"axesLengths":[0.6391419768333435,0.7083674892783165,0.3514859974384308],"normalizedAxes":[1,0,0,0,1,0,0,0,1],"metadata":{"constrainVertical":true},"min":[-0.31957098841667175,0.08496949821710587,-0.1757429987192154],"max":[0.31957098841667175,0.7933369874954224,0.1757429987192154]}},{"pid":2,"label":"sink","name":"sink 1","obb":{"centroid":[0,0.7697245180606842,0.0007060021162033081],"axesLengths":[0.7001799941062927,0.14868301153182983,0.4000000059604645],"normalizedAxes":[1,0,0,0,1,0,0,0,1],"metadata":{"constrainVertical":true},"min":[-0.35008999705314636,0.6953830122947693,-0.19929400086402893],"max":[0.35008999705314636,0.8440660238265991,0.20070600509643555]}},null,{"pid":4,"label":"handle","name":"handle 1","obb":{"centroid":[-0.054854399524629116,0.4348224997520447,0.18295999616384506],"axesLengths":[0.050531597808003426,0.008696973323822021,0.016581997275352478],"normalizedAxes":[1,0,0,0,1,0,0,0,1],"metadata":{"constrainVertical":true},"min":[-0.08012019842863083,0.43047401309013367,0.17466899752616882],"max":[-0.029588600620627403,0.4391709864139557,0.1912509948015213]}},{"pid":5,"label":"handle","name":"handle 2","obb":{"centroid":[0.054854399524629116,0.4348224997520447,0.18295999616384506],"axesLengths":[0.050531597808003426,0.008696973323822021,0.016581997275352478],"normalizedAxes":[1,0,0,0,1,0,0,0,1],"metadata":{"constrainVertical":true},"min":[0.029588600620627403,0.43047401309013367,0.17466899752616882],"max":[0.08012019842863083,0.4391709864139557,0.1912509948015213]}},{"pid":6,"label":"drain","name":"drain 1","obb":{"centroid":[0,0.7230235040187836,0.03696877066977322],"axesLengths":[0.06130486121401191,0.008539021015167236,0.06130480021238327],"normalizedAxes":[0,0,1,0,1,0,-1,0,0],"metadata":{"constrainVertical":true},"min":[-0.030652400106191635,0.7187539935112,0.006316340062767267],"max":[0.030652400106191635,0.7272930145263672,0.06762120127677917]}},{"pid":7,"label":"leg","name":"leg 1","obb":{"centroid":[0.2694904990494225,0.04246865066344796,0.11770550534129406],"axesLengths":[0.02766344753669795,0.084937292288636,0.027663447536675486],"normalizedAxes":[-0.7071072837008939,0,0.707106278671844,0,1,0,-0.7071062786718441,0,-0.707107283700894],"metadata":{"constrainVertical":true},"min":[0.24992948770523798,4.519129959135171e-9,0.09814449399710953],"max":[0.28905151039360705,0.08493729680776596,0.1372665166854786]}},{"pid":8,"label":"leg","name":"leg 2","obb":{"centroid":[0.2694904990494225,0.04246864551838292,-0.11770549789070817],"axesLengths":[0.02766344753669795,0.08493730257876608,0.027663447536675486],"normalizedAxes":[-0.7071072837008939,0,0.707106278671844,0,1,0,-0.7071062786718441,0,-0.707107283700894],"metadata":{"constrainVertical":true},"min":[0.24992948770523798,-5.771000122223313e-9,-0.1372665092348927],"max":[0.28905151039360705,0.08493729680776596,-0.09814448654652363]}},{"pid":9,"label":"leg","name":"leg 3","obb":{"centroid":[-0.2694904990494225,0.04246865066344796,0.11770550534129406],"axesLengths":[0.02766344753669795,0.084937292288636,0.027663447536675486],"normalizedAxes":[0.7071072837008939,0,0.707106278671844,0,1,0,-0.7071062786718441,0,0.707107283700894],"metadata":{"constrainVertical":true},"min":[-0.28905151039360705,4.519129959135171e-9,0.09814449399710953],"max":[-0.24992948770523798,0.08493729680776596,0.1372665166854786]}},{"pid":10,"label":"leg","name":"leg 4","obb":{"centroid":[-0.2694904990494225,0.04246864551838292,-0.11770549789070817],"axesLengths":[0.02766344753669795,0.08493730257876608,0.027663447536675486],"normalizedAxes":[0.7071072837008939,0,0.707106278671844,0,1,0,-0.7071062786718441,0,0.707107283700894],"metadata":{"constrainVertical":true},"min":[-0.28905151039360705,-5.771000122223313e-9,-0.1372665092348927],"max":[-0.24992948770523798,0.08493729680776596,-0.09814448654652363]}},{"pid":11,"label":"cabinet door","name":"cabinet door 1","obb":{"centroid":[0.1602895391988568,0.34459175541996956,0.17591799795627594],"axesLengths":[0.3185628984356299,0.5192445144057274,0.023741990327835083],"normalizedAxes":[1,0,0,0,1,0,0,0,1],"metadata":{"constrainVertical":true},"min":[0.0010080899810418487,0.08496949821710587,0.1640470027923584],"max":[0.31957098841667175,0.6042140126228333,0.18778899312019348]},"baseIds":[1],"childIds":[5]},{"pid":12,"label":"cabinet door","name":"cabinet door 2","obb":{"centroid":[-0.1592384242103435,0.3393567390739918,0.17591799795627594],"axesLengths":[0.3206651284126565,0.5087744817137718,0.023741990327835083],"normalizedAxes":[1,0,0,0,1,0,0,0,1],"metadata":{"constrainVertical":true},"min":[-0.31957098841667175,0.08496949821710587,0.1640470027923584],"max":[0.001094139995984733,0.5937439799308777,0.18778899312019348]},"baseIds":[1],"childIds":[4]},{"pid":13,"label":"faucet spout","name":"faucet spout 1","obb":{"centroid":[-3.4339227360750734e-9,0.9393575118241538,-0.05947273846292085],"axesLengths":[0.026349404236115904,0.1286342956916404,0.03434267274906738],"normalizedAxes":[-0.9999999999989244,0.0000013448681581700717,-5.854589665338831e-7,9.014092973456219e-8,-0.3420448811351013,-0.9396836165908535,-0.0000014640038173246943,-0.9396836165898955,0.3420448811346122],"metadata":{"constrainVertical":false},"min":[-0.013174736488476025,0.9012225194499407,-0.1257838839818871],"max":[0.013174729620630552,0.977492504198367,0.006838407056045395]},"baseIds":[3]},{"pid":14,"label":"faucet handle","name":"faucet handle 1","obb":{"centroid":[0.004500643686358073,0.9943904876708984,-0.11797816499197093],"axesLengths":[0.08994855982045746,0.027698993682861328,0.05516967414236384],"normalizedAxes":[-0.25881608841443515,0,-0.965926618526403,0,1,0,0.965926618526403,0,-0.25881608841443515],"metadata":{"constrainVertical":true},"min":[-0.03378435191403176,0.9805409908294678,-0.1685594187366309],"max":[0.042785639286747904,1.008239984512329,-0.06739691124731095]},"baseIds":[3]}],"connectivityGraph":[[],[2,3,4],[1,5,6],[1],[1],[2],[2]],"articulations":[{"pid":2,"type":"Central Rotation","axis":[0,1,0],"origin":[9.057687326563535e-8,0.9140680134296417,-0.134774663520808],"rangeMin":-1.0995574287564276,"rangeMax":0.5811946409141118,"base":[1],"value":0},{"pid":3,"type":"Hinge Rotation","axis":[0,1,0],"origin":[0.31957098841667175,0.34459175541996956,0.1640470027923584],"rangeMin":0,"rangeMax":2.1205750411731104,"base":[1],"value":0},{"pid":4,"type":"Hinge Rotation","axis":[0,1,0],"origin":[-0.31957098841667225,0.3393567390739918,0.17512799644470214],"rangeMin":-1.7749998492782328,"rangeMax":0,"base":[1],"value":0},{"pid":5,"type":"Hinge Rotation","axis":[0,1,0],"origin":[-0.013174699619412422,0.9051439762115479,-0.12355300039052963],"rangeMin":-1.0838494654884785,"rangeMax":1.0210176124166828,"base":[2],"value":0},{"pid":6,"type":"Central Rotation","axis":[0,1,0],"origin":[-0.0001647026781300357,0.9943904876708984,-0.13538968784478717],"rangeMin":-0.8796459430051422,"rangeMax":0.5811946409141118,"base":[2],"value":0}]}