{"version":"articulated-parts@0.0.1","modelId":"p5d.125","metadata":{"connectivity":{"minDist":0.001,"maxDist":0.05,"minConnDist":0.001,"maxConnDist":0.05,"maxConnRelDist":0,"partsAnnId":26971,"condensed":true}},"parts":[null,{"pid":1,"label":"static","name":"static","obb":{"centroid":[0.008398473262786865,0.40063499139692915,0.0105380117893219],"axesLengths":[1.2099999785423279,0.8012700333804581,1.2000010013580322],"normalizedAxes":[0,0,1,0,1,0,-1,0,0],"metadata":{"constrainVertical":true},"min":[-0.5916020274162292,-2.529329989897633e-8,-0.594461977481842],"max":[0.608398973941803,0.8012700080871582,0.6155380010604858]},"sourcePartIds":[1,2,3,6,7]},{"pid":2,"label":"cabinet door","name":"cabinet door 1","obb":{"centroid":[-0.028556201231701744,0.4232254587113857,0.3071657869746536],"axesLengths":[0.6009204761050829,0.6575471237301826,0.05230989754756047],"normalizedAxes":[1.6901080109532657e-7,0,-0.9999999999999858,0,1,0,0.9999999999999858,0,1.6901080109532657e-7],"metadata":{"constrainVertical":true},"min":[-0.05471120078650714,0.0944518968462944,0.0067055445016475645],"max":[-0.00240120167689635,0.751999020576477,0.6076260294476596]},"baseIds":[1],"sourcePartIds":[8,4],"articulationIds":[0]},{"pid":3,"label":"cabinet door","name":"cabinet door 2","obb":{"centroid":[0.30505599174648523,0.4232254587113857,-0.017070990055799484],"axesLengths":[0.5842979829758406,0.6575471237301826,0.049901820719242096],"normalizedAxes":[1,0,0,0,1,0,0,0,1],"metadata":{"constrainVertical":true},"min":[0.012907000258564949,0.0944518968462944,-0.04202190041542053],"max":[0.5972049832344055,0.751999020576477,0.007879920303821564]},"baseIds":[1],"sourcePartIds":[9,5],"articulationIds":[1]},{"pid":4,"label":"faucet handle","name":"faucet handle 1","obb":{"centroid":[-0.4025778567034883,0.8853740003526626,-0.40203346086414565],"axesLengths":[0.11826473389181921,0.04902972654277732,0.031181865111168782],"normalizedAxes":[0.7254088734045692,0.2470569045326773,0.642452217918692,0.6639218587539963,-0.0048486035467205126,-0.7477862371776353,-0.1816307569068458,0.9689888425396748,-0.16754369931175547],"min":[-0.464580746862661,0.8555386382731609,-0.46096722103604587],"max":[-0.34057496654431557,0.9152093624321642,-0.34309970069224544]},"baseIds":[5],"sourcePartIds":[10],"articulationIds":[2]},{"pid":5,"label":"faucet spout","name":"faucet spout 1","obb":{"centroid":[-0.37024971237563487,0.8344250023365021,-0.37291532293756713],"axesLengths":[0.19921187917551314,0.07279795408248901,0.05071406667107682],"normalizedAxes":[-0.7452613721111031,0,-0.6667724403715828,0,1,0,0.6667724403715828,0,-0.7452613721111031],"metadata":{"constrainVertical":true},"min":[-0.4613895425809425,0.7980260252952576,-0.4582274358083104],"max":[-0.27910988217032723,0.8708239793777466,-0.2876032100668239]},"baseIds":[1],"childIds":[4],"sourcePartIds":[5],"articulationIds":[3]}],"sourceParts":[null,{"pid":1,"label":"sink","name":"sink 1","obb":{"centroid":[-0.19659640273057866,0.6441764980554581,-0.21662870314068863],"axesLengths":[0.4878334911792263,0.3047129809856415,0.4878331424746383],"normalizedAxes":[-0.38313435683116864,0,-0.9236926245324072,0,1,0,0.9236926245324074,0,-0.38313435683116875],"metadata":{"constrainVertical":true},"min":[-0.5153532260255521,0.49182000756263733,-0.535385620683236],"max":[0.1221604205643948,0.7965329885482788,0.10212821440185879]}},{"pid":2,"label":"countertop","name":"countertop 1","obb":{"centroid":[0.008398473262786865,0.7669804990291595,0.0105380117893219],"axesLengths":[1.2099999785423279,0.03003901243209839,1.2000010013580322],"normalizedAxes":[0,0,1,0,1,0,-1,0,0],"metadata":{"constrainVertical":true},"min":[-0.5916020274162292,0.7519609928131104,-0.594461977481842],"max":[0.608398973941803,0.7820000052452087,0.6155380010604858]}},{"pid":3,"label":"cabinet","name":"cabinet 1","obb":{"centroid":[0.007164508104324341,0.3759999744787468,0.011329025030136108],"axesLengths":[1.208296000957489,0.7519999995440934,1.1957829594612122],"normalizedAxes":[0,0,1,0,1,0,-1,0,0],"metadata":{"constrainVertical":true},"min":[-0.5907269716262817,-2.529329989897633e-8,-0.5928189754486084],"max":[0.6050559878349304,0.7519999742507935,0.6154770255088806]}},{"pid":4,"label":"handle","name":"handle 1","obb":{"centroid":[-0.01136994524858892,0.5375320017337799,0.5240559875965118],"axesLengths":[0.02276402711868286,0.15843802690505981,0.017937310505658388],"normalizedAxes":[0,0,1,0,1,0,-1,0,0],"metadata":{"constrainVertical":true},"min":[-0.020338600501418114,0.45831298828125,0.5126739740371704],"max":[-0.0024012899957597256,0.6167510151863098,0.5354380011558533]}},{"pid":5,"label":"handle","name":"handle 2","obb":{"centroid":[0.07726934924721718,0.5375320017337799,-0.001088739838451147],"axesLengths":[0.02241029590368271,0.15843802690505981,0.01793732028454542],"normalizedAxes":[1,0,0,0,1,0,0,0,1],"metadata":{"constrainVertical":true},"min":[0.06606420129537582,0.45831298828125,-0.010057399980723858],"max":[0.08847449719905853,0.6167510151863098,0.007879920303821564]}},{"pid":6,"label":"faucet base","name":"faucet base 1","obb":{"centroid":[-0.4287517179536489,0.7903475165367126,-0.42525626203370254],"axesLengths":[0.04528145430468555,0.021844983100891113,0.04528079854720963],"normalizedAxes":[-0.7452592275138193,0,-0.6667748374117798,0,1,0,0.6667748374117798,0,-0.7452592275138193],"metadata":{"constrainVertical":true},"min":[-0.4607209773261507,0.7794250249862671,-0.45722549567284154],"max":[-0.39678245858114713,0.8012700080871582,-0.39328702839456353]}},{"pid":7,"label":"drain","name":"drain 1","obb":{"centroid":[-0.19780400395393372,0.6311534941196442,-0.21623899787664413],"axesLengths":[0.06130475118508155,0.008539021015167236,0.061304751185081545],"normalizedAxes":[0.7071067811865475,0,0.7071067811865475,0,1,0,-0.7071067811865476,0,0.7071067811865476],"metadata":{"constrainVertical":true},"min":[-0.24115300923585892,0.6268839836120605,-0.25958800315856934],"max":[-0.15445499867200851,0.6354230046272278,-0.17288999259471893]}},{"pid":8,"label":"cabinet door","name":"cabinet door 1","obb":{"centroid":[-0.0375191997736873,0.4232254587113857,0.30716578545981005],"axesLengths":[0.6009204761050829,0.6575471237301826,0.0343839004635891],"normalizedAxes":[1.6901080109532657e-7,0,-0.9999999999999858,0,1,0,0.9999999999999858,0,1.6901080109532657e-7],"metadata":{"constrainVertical":true},"min":[-0.05471120078650714,0.0944518968462944,0.0067055445016475645],"max":[-0.02032719876086746,0.751999020576477,0.6076260264179725]},"baseIds":[3],"childIds":[4]},{"pid":9,"label":"cabinet door","name":"cabinet door 2","obb":{"centroid":[0.30505599174648523,0.4232254587113857,-0.02482991013675928],"axesLengths":[0.5842979829758406,0.6575471237301826,0.0343839805573225],"normalizedAxes":[1,0,0,0,1,0,0,0,1],"metadata":{"constrainVertical":true},"min":[0.012907000258564949,0.0944518968462944,-0.04202190041542053],"max":[0.5972049832344055,0.751999020576477,-0.00763791985809803]},"baseIds":[3],"childIds":[5]},{"pid":10,"label":"faucet handle","name":"faucet handle 1","obb":{"centroid":[-0.4025778567034883,0.8853740003526626,-0.40203346086414565],"axesLengths":[0.11826473389181921,0.04902972654277732,0.031181865111168782],"normalizedAxes":[0.7254088734045692,0.2470569045326773,0.642452217918692,0.6639218587539963,-0.0048486035467205126,-0.7477862371776353,-0.1816307569068458,0.9689888425396748,-0.16754369931175547],"metadata":{"constrainVertical":false},"min":[-0.464580746862661,0.8555386382731609,-0.46096722103604587],"max":[-0.34057496654431557,0.9152093624321642,-0.34309970069224544]},"baseIds":[11]}],"connectivityGraph":[[],[2,3,5],[1],[1],[5],[4,1]],"articulations":[{"pid":2,"type":"Hinge Rotation","axis":[0,1,0],"origin":[-0.03751914899266176,0.4232254587113857,0.006705547407272874],"rangeMin":0,"rangeMax":1.350884841043611,"base":[1],"value":0},{"pid":3,"type":"Hinge Rotation","axis":[0,1,0],"origin":[0.5972049832344055,0.4232254587113857,-0.00763791985809803],"rangeMin":0,"rangeMax":1.350884841043611,"base":[1],"value":0},{"pid":4,"type":"Central Rotation","axis":[0,1,0],"origin":[-0.4292668819295359,0.8848250102996826,-0.4236432989573781],"rangeMin":-0.8168140899333463,"rangeMax":0.8639379797371932,"base":[5],"value":0},{"pid":5,"type":"Hinge Rotation","axis":[0,1,0],"origin":[-0.42757480058550135,0.7980260252952576,-0.4582274358083104],"rangeMin":-0.6283185307179586,"rangeMax":0.39269908169872414,"base":[1],"value":0}]}