{"version":"articulated-parts@0.0.1","modelId":"p5d.516","metadata":{"connectivity":{"minDist":0.001,"maxDist":0.05,"minConnDist":0.001,"maxConnDist":0.05,"maxConnRelDist":0,"partsAnnId":27933,"condensed":true}},"parts":[null,{"pid":1,"label":"static","name":"static","obb":{"centroid":[-0.02885220250855125,0.0886835022829473,-0.018991377099510487],"axesLengths":[0.6785362888227084,0.15607100445777178,0.6453280687340551],"normalizedAxes":[0.30893808266462425,0,0.9510821526448207,0,1,0,-0.9510821526448207,0,0.30893808266462425],"metadata":{"constrainVertical":true},"min":[-0.44054505693903484,0.010648000054061413,-0.44134646233225705],"max":[0.38284065192193234,0.1667190045118332,0.4033637081332361]},"sourcePartIds":[9,31,32]},{"pid":2,"label":"armrest","name":"armrest 1","obb":{"centroid":[-0.27514397805965585,0.6916786221111029,-0.007591387984590541],"axesLengths":[0.08018731145327335,0.24004875883639631,0.04271698413248784],"normalizedAxes":[0.9999787393425985,-0.006520088617418038,-0.0000964738685737699,0.00040003684443534813,0.04657285821854615,0.9989148156113604,-0.006508520055234993,-0.998893616618795,0.04657447632463933],"min":[-0.31542380771677464,0.664492468131782,-0.1284841473931304],"max":[-0.23486414840253705,0.7188647760904238,0.11330137142394932]},"baseIds":[17],"sourcePartIds":[1],"articulationIds":[0]},{"pid":3,"label":"armrest","name":"armrest 2","obb":{"centroid":[0.2751483606234973,0.691762374796961,-0.007594377743797821],"axesLengths":[0.08012252476162464,0.24005206671175755,0.04261421155135649],"normalizedAxes":[0.9999978632527147,-0.0019715495383917096,0.0006216771043620091,0.0005299232484016642,-0.04620274536778224,-0.9989319423773731,0.001998166998832662,0.9989301373534076,-0.04620160187425573],"min":[0.2349810041023883,0.6648535496778583,-0.1285015439675717],"max":[0.31531571714460627,0.7186711999160638,0.11331278847997606]},"baseIds":[11],"sourcePartIds":[2],"articulationIds":[1]},{"pid":4,"label":"backrest","name":"backrest 1","obb":{"centroid":[-0.0000057104228512375745,0.6652134493852317,-0.20501708808669117],"axesLengths":[0.47052198628526454,0.6008720839738367,0.09754593293638775],"normalizedAxes":[0.9999999995765063,-0.000028108818491025315,0.000007542007452910692,-0.00002910280939039626,-0.9647744641683784,0.26307837699371367,-1.184861486939985e-7,-0.263078377101795,-0.9647744645778473],"min":[-0.23527545277763687,0.3625227021869872,-0.33111200135341357],"max":[0.23526403193193438,0.9679041965834763,-0.07892217481996877]},"baseIds":[18],"sourcePartIds":[3],"articulationIds":[2]},{"pid":5,"label":"wheel","name":"wheel 1","obb":{"centroid":[-0.000028500333428382874,0.025014499100507237,0.31538400053977966],"axesLengths":[0.04962402582168579,0.04954699819791131,0.03995300084352493],"normalizedAxes":[0,0,1,0,1,0,-1,0,0],"min":[-0.02000500075519085,0.0002410000015515834,0.29057198762893677],"max":[0.019948000088334084,0.04978799819946289,0.34019601345062256]},"baseIds":[12],"sourcePartIds":[4],"articulationIds":[3]},{"pid":6,"label":"wheel","name":"wheel 2","obb":{"centroid":[0.32976644030748237,0.025014499100507237,0.07881467496090609],"axesLengths":[0.04962484005133372,0.04954699819791131,0.039953829165500596],"normalizedAxes":[-0.9510563307405676,0,-0.30901756545265857,0,1,0,0.30901756545265857,0,-0.9510563307405676],"min":[0.29999521365146065,0.0002410000015515834,0.05214803024899749],"max":[0.3595376669635041,0.04978799819946289,0.1054813196728147]},"baseIds":[13],"sourcePartIds":[5],"articulationIds":[4]},{"pid":7,"label":"wheel","name":"wheel 3","obb":{"centroid":[-0.32978458130077376,0.025014499100507237,0.07876124182861405],"axesLengths":[0.04962484318826068,0.04954699819791131,0.039954001173637475],"normalizedAxes":[0.9510563307405676,0,-0.30901756545265857,0,1,0,0.30901756545265857,0,0.9510563307405676],"min":[-0.3595558360252604,0.0002410000015515834,0.052094514837308925],"max":[-0.3000133265762871,0.04978799819946289,0.10542796881991917]},"baseIds":[16],"sourcePartIds":[6],"articulationIds":[5]},{"pid":8,"label":"wheel","name":"wheel 4","obb":{"centroid":[0.203835192202454,0.025014499100507237,-0.30887009292989054],"axesLengths":[0.049625192523972544,0.04954699819791131,0.03995417475453744],"normalizedAxes":[-0.5877842937207747,0,0.809017690817185,0,1,0,-0.809017690817185,0,-0.5877842937207747],"min":[0.17308892073401258,0.0002410000015515834,-0.34068614045558787],"max":[0.2345814636708954,0.04978799819946289,-0.2770540454041932]},"baseIds":[14],"sourcePartIds":[7],"articulationIds":[6]},{"pid":9,"label":"wheel","name":"wheel 5","obb":{"centroid":[-0.20378965217786538,0.025014499100507237,-0.3089031815654103],"axesLengths":[0.04962551023840824,0.04954699819791131,0.03995359552963465],"normalizedAxes":[-0.5877830634409646,0,-0.8090185846641318,0,1,0,0.8090185846641318,0,-0.5877830634409646],"min":[-0.23453577004805576,0.0002410000015515834,-0.34071918498151144],"max":[-0.173043534307675,0.04978799819946289,-0.27708717814930917]},"baseIds":[15],"sourcePartIds":[8],"articulationIds":[7]},{"pid":10,"label":"seat","name":"seat 1","obb":{"centroid":[3.7461186708328927e-10,0.4314290780742356,0.08847083167054005],"axesLengths":[0.5500000201315838,0.47643230818163007,0.11659456515670967],"normalizedAxes":[-0.9999999999999991,-4.403321248280616e-9,-3.419430742329009e-8,-3.315289312134255e-8,-0.14937804869274157,0.988780156844153,-9.461795593800905e-9,0.9887801568441537,0.14937804869274135],"min":[-0.27500001814033154,0.3382016163867332,-0.15578091825326584],"max":[0.2750000188895552,0.524656539761738,0.3327225815943459]},"baseIds":[18],"sourcePartIds":[10],"articulationIds":[8]},{"pid":11,"label":"arm","name":"arm 1","obb":{"centroid":[0.2589517665338159,0.6290086676161193,-0.1177659679051422],"axesLengths":[0.2079088506725229,0.0859019931153518,0.060148860449263555],"normalizedAxes":[0.3344014836660127,0.5121052750026494,0.7911534838679724,0.8593486797480401,-0.5103310978346487,-0.032894029825822395,0.38690501978815145,0.6908765142175138,-0.6107324682423456],"metadata":{"constrainVertical":false},"min":[0.1756434222608424,0.5330761112945084,-0.21979013603730702],"max":[0.3422601108067894,0.7249412239377302,-0.015741799772977377]},"baseIds":[18],"childIds":[3],"sourcePartIds":[11],"articulationIds":[9]},{"pid":12,"label":"caster","name":"caster 1","obb":{"centroid":[-0.00002800021320581436,0.03805199917405844,0.30697350203990936],"axesLengths":[0.04524502158164978,0.023471998050808907,0.018055999651551247],"normalizedAxes":[0,0,1,0,1,0,-1,0,0],"metadata":{"constrainVertical":true},"min":[-0.009056000038981438,0.026316000148653984,0.2843509912490845],"max":[0.008999999612569809,0.04978799819946289,0.32959601283073425]},"baseIds":[1],"childIds":[5],"sourcePartIds":[12],"articulationIds":[10]},{"pid":13,"label":"caster","name":"caster 2","obb":{"centroid":[0.3189148510562847,0.03805199917405844,0.07528844915431787],"axesLengths":[0.0452455946474975,0.023471998050808907,0.018055861049574278],"normalizedAxes":[-0.951053922286478,0,-0.3090249777987305,0,1,0,0.3090249777987305,0,-0.951053922286478],"metadata":{"constrainVertical":true},"min":[0.29460949489845056,0.026316000148653984,0.059711390977872605],"max":[0.34322020721411883,0.04978799819946289,0.09086550733076314]},"baseIds":[1],"childIds":[6],"sourcePartIds":[13],"articulationIds":[11]},{"pid":14,"label":"caster","name":"caster 3","obb":{"centroid":[0.19712791284663858,0.03805199917405844,-0.2996388844519469],"axesLengths":[0.045245394400259695,0.023471998050808907,0.018056290481646566],"normalizedAxes":[-0.5877689963773635,0,0.8090288047390816,0,1,0,-0.8090288047390816,0,-0.5877689963773635],"metadata":{"constrainVertical":true},"min":[0.17652696326477518,0.026316000148653984,-0.3232477619950899],"max":[0.21772886242850198,0.04978799819946289,-0.2760300069088039]},"baseIds":[1],"childIds":[8],"sourcePartIds":[14],"articulationIds":[12]},{"pid":15,"label":"caster","name":"caster 4","obb":{"centroid":[-0.1970828354400138,0.03805199917405844,-0.2996717609053174],"axesLengths":[0.04524483169896028,0.023471998050808907,0.01805547071944301],"normalizedAxes":[0.5877844647210974,0,0.8090175665784601,0,1,0,-0.8090175665784601,0,0.5877844647210974],"metadata":{"constrainVertical":true},"min":[-0.21768353652323474,0.026316000148653984,-0.3232800553220474],"max":[-0.17648213435679283,0.04978799819946289,-0.2760634664885874]},"baseIds":[1],"childIds":[9],"sourcePartIds":[15],"articulationIds":[13]},{"pid":16,"label":"caster","name":"caster 5","obb":{"centroid":[-0.3189323161854042,0.03805199917405844,0.07523510177992178],"axesLengths":[0.045245286134227215,0.023471998050808907,0.018055861038019018],"normalizedAxes":[0.9510608677079869,0,-0.3090036017824564,0,1,0,0.30900360178245645,0,0.9510608677079871],"metadata":{"constrainVertical":true},"min":[-0.34323748977767704,0.026316000148653984,0.059658512157328154],"max":[-0.29462714259313133,0.04978799819946289,0.09081169140251541]},"baseIds":[1],"childIds":[7],"sourcePartIds":[16],"articulationIds":[14]},{"pid":17,"label":"arm","name":"arm 2","obb":{"centroid":[-0.2589517145994753,0.6290085959513039,-0.11776640111995298],"axesLengths":[0.20790806080768962,0.08590198951051808,0.060148470149623254],"normalizedAxes":[0.33440156857187253,-0.5121052265293026,-0.791153479356595,-0.8593486768709947,-0.5103310946530152,-0.03289415434886206,-0.38690495279427817,0.6908765524980771,-0.610732467379645],"metadata":{"constrainVertical":false},"min":[-0.34225985644105805,0.533076381645319,-0.21979014240980788],"max":[-0.17564357275789255,0.7249408102572887,-0.01574265983009808]},"baseIds":[18],"childIds":[2],"sourcePartIds":[17],"articulationIds":[15]},{"pid":18,"label":"gas lift piece","name":"gas lift piece 2","obb":{"centroid":[-0.00006724380411388157,0.39823925015951317,-0.08056448441922644],"axesLengths":[0.569694036338479,0.5364901422881911,0.3220737227140592],"normalizedAxes":[0.9999990793436566,0.0006197232408889076,-0.001207168150283705,-0.0012953374453399703,0.7009892257182351,-0.7131706861108718,0.0004042434180754933,0.713171593215864,0.7009893830987779],"metadata":{"constrainVertical":false},"min":[-0.2853265657035911,0.09517890413774838,-0.38509799419978546],"max":[0.28519207809536334,0.701299596181278,0.22396902536133262]},"baseIds":[1],"childIds":[4,10,11,17],"sourcePartIds":[22,12,13,27,23,28,29,26,14,20,30,25,24],"articulationIds":[16]}],"sourceParts":[null,{"pid":1,"label":"armrest","name":"armrest 1","obb":{"centroid":[-0.27514397805965585,0.6916786221111029,-0.007591387984590541],"axesLengths":[0.08018731145327335,0.24004875883639631,0.04271698413248784],"normalizedAxes":[0.9999787393425985,-0.006520088617418038,-0.0000964738685737699,0.00040003684443534813,0.04657285821854615,0.9989148156113604,-0.006508520055234993,-0.998893616618795,0.04657447632463933],"metadata":{"constrainVertical":false},"min":[-0.31542380771677464,0.664492468131782,-0.1284841473931304],"max":[-0.23486414840253705,0.7188647760904238,0.11330137142394932]},"baseIds":[21]},{"pid":2,"label":"armrest","name":"armrest 2","obb":{"centroid":[0.2751483606234973,0.691762374796961,-0.007594377743797821],"axesLengths":[0.08012252476162464,0.24005206671175755,0.04261421155135649],"normalizedAxes":[0.9999978632527147,-0.0019715495383917096,0.0006216771043620091,0.0005299232484016642,-0.04620274536778224,-0.9989319423773731,0.001998166998832662,0.9989301373534076,-0.04620160187425573],"metadata":{"constrainVertical":false},"min":[0.2349810041023883,0.6648535496778583,-0.1285015439675717],"max":[0.31531571714460627,0.7186711999160638,0.11331278847997606]},"baseIds":[11]},{"pid":3,"label":"backrest","name":"backrest 1","obb":{"centroid":[-0.0000057104228512375745,0.6652134493852317,-0.20501708808669117],"axesLengths":[0.47052198628526454,0.6008720839738367,0.09754593293638775],"normalizedAxes":[0.9999999995765063,-0.000028108818491025315,0.000007542007452910692,-0.00002910280939039626,-0.9647744641683784,0.26307837699371367,-1.184861486939985e-7,-0.263078377101795,-0.9647744645778473],"metadata":{"constrainVertical":false},"min":[-0.23527545277763687,0.3625227021869872,-0.33111200135341357],"max":[0.23526403193193438,0.9679041965834763,-0.07892217481996877]},"baseIds":[23]},{"pid":4,"label":"wheel","name":"wheel 1","obb":{"centroid":[-0.000028500333428382874,0.025014499100507237,0.31538400053977966],"axesLengths":[0.04962402582168579,0.04954699819791131,0.03995300084352493],"normalizedAxes":[0,0,1,0,1,0,-1,0,0],"metadata":{"constrainVertical":true},"min":[-0.02000500075519085,0.0002410000015515834,0.29057198762893677],"max":[0.019948000088334084,0.04978799819946289,0.34019601345062256]},"baseIds":[15]},{"pid":5,"label":"wheel","name":"wheel 2","obb":{"centroid":[0.32976644030748237,0.025014499100507237,0.07881467496090609],"axesLengths":[0.04962484005133372,0.04954699819791131,0.039953829165500596],"normalizedAxes":[-0.9510563307405676,0,-0.30901756545265857,0,1,0,0.30901756545265857,0,-0.9510563307405676],"metadata":{"constrainVertical":true},"min":[0.29999521365146065,0.0002410000015515834,0.05214803024899749],"max":[0.3595376669635041,0.04978799819946289,0.1054813196728147]},"baseIds":[16]},{"pid":6,"label":"wheel","name":"wheel 3","obb":{"centroid":[-0.32978458130077376,0.025014499100507237,0.07876124182861405],"axesLengths":[0.04962484318826068,0.04954699819791131,0.039954001173637475],"normalizedAxes":[0.9510563307405676,0,-0.30901756545265857,0,1,0,0.30901756545265857,0,0.9510563307405676],"metadata":{"constrainVertical":true},"min":[-0.3595558360252604,0.0002410000015515834,0.052094514837308925],"max":[-0.3000133265762871,0.04978799819946289,0.10542796881991917]},"baseIds":[19]},{"pid":7,"label":"wheel","name":"wheel 4","obb":{"centroid":[0.203835192202454,0.025014499100507237,-0.30887009292989054],"axesLengths":[0.049625192523972544,0.04954699819791131,0.03995417475453744],"normalizedAxes":[-0.5877842937207747,0,0.809017690817185,0,1,0,-0.809017690817185,0,-0.5877842937207747],"metadata":{"constrainVertical":true},"min":[0.17308892073401258,0.0002410000015515834,-0.34068614045558787],"max":[0.2345814636708954,0.04978799819946289,-0.2770540454041932]},"baseIds":[17]},{"pid":8,"label":"wheel","name":"wheel 5","obb":{"centroid":[-0.20378965217786538,0.025014499100507237,-0.3089031815654103],"axesLengths":[0.04962551023840824,0.04954699819791131,0.03995359552963465],"normalizedAxes":[-0.5877830634409646,0,-0.8090185846641318,0,1,0,0.8090185846641318,0,-0.5877830634409646],"metadata":{"constrainVertical":true},"min":[-0.23453577004805576,0.0002410000015515834,-0.34071918498151144],"max":[-0.173043534307675,0.04978799819946289,-0.27708717814930917]},"baseIds":[18]},{"pid":9,"label":"base","name":"base 1","obb":{"centroid":[-0.02885220250855125,0.09023949969559908,-0.018991377099510487],"axesLengths":[0.6785362888227084,0.1429349984973669,0.6453280687340551],"normalizedAxes":[0.30893808266462425,0,0.9510821526448207,0,1,0,-0.9510821526448207,0,0.30893808266462425],"metadata":{"constrainVertical":true},"min":[-0.44054505693903484,0.018772000446915627,-0.44134646233225705],"max":[0.38284065192193234,0.16170699894428253,0.4033637081332361]}},{"pid":10,"label":"seat","name":"seat 1","obb":{"centroid":[3.7461186708328927e-10,0.4314290780742356,0.08847083167054005],"axesLengths":[0.5500000201315838,0.47643230818163007,0.11659456515670967],"normalizedAxes":[-0.9999999999999991,-4.403321248280616e-9,-3.419430742329009e-8,-3.315289312134255e-8,-0.14937804869274157,0.988780156844153,-9.461795593800905e-9,0.9887801568441537,0.14937804869274135],"metadata":{"constrainVertical":false},"min":[-0.27500001814033154,0.3382016163867332,-0.15578091825326584],"max":[0.2750000188895552,0.524656539761738,0.3327225815943459]},"baseIds":[29]},{"pid":11,"label":"arm","name":"arm 1","obb":{"centroid":[0.2589517665338159,0.6290086676161193,-0.1177659679051422],"axesLengths":[0.2079088506725229,0.0859019931153518,0.060148860449263555],"normalizedAxes":[0.3344014836660127,0.5121052750026494,0.7911534838679724,0.8593486797480401,-0.5103310978346487,-0.032894029825822395,0.38690501978815145,0.6908765142175138,-0.6107324682423456],"metadata":{"constrainVertical":false},"min":[0.1756434222608424,0.5330761112945084,-0.21979013603730702],"max":[0.3422601108067894,0.7249412239377302,-0.015741799772977377]},"baseIds":[23],"childIds":[2]},{"pid":12,"label":"gas lift piece","name":"gas lift piece 1","obb":{"centroid":[-8.673617379884035e-19,0.2597474977374077,-0.02836300060153008],"axesLengths":[0.021767663997230603,0.08419300615787506,0.021712210129910633],"normalizedAxes":[0.9242384304607295,0,-0.3818158242654266,0,1,0,0.3818158242654267,0,0.9242384304607297],"metadata":{"constrainVertical":true},"min":[-0.014204288507486462,0.21765099465847015,-0.04255224939339888],"max":[0.014204288507486458,0.3018440008163452,-0.014173751809661272]}},{"pid":13,"label":"gas lift mechanism","name":"gas lift mechanism 1","obb":{"centroid":[-2.355430647146548e-8,0.2976324605085158,0.07613120751722033],"axesLengths":[0.24167200208356365,0.2622470565764242,0.12199584112614242],"normalizedAxes":[-0.99999999999996,-7.355739136373637e-8,2.7243958787681934e-7,2.611901293390035e-7,0.1242388852123481,0.9922523365561426,-1.0683508413716966e-7,0.9922523365561744,-0.12423888521232396],"metadata":{"constrainVertical":false},"min":[-0.12083606536097276,0.22081648143672217,-0.06155476637577978],"max":[0.1208360182523598,0.3744484395803094,0.21381718141022044]}},{"pid":14,"label":"support beam","name":"support beam 1","obb":{"centroid":[-0.16449591287340087,0.48847250640392303,-0.012346991609268105],"axesLengths":[0.37280498041536614,0.35031500458717346,0.06849643766648447],"normalizedAxes":[0.035906877119751233,0,0.9993551401656505,0,1,0,-0.9993551401656507,0,0.03590687711975124],"metadata":{"constrainVertical":true},"min":[-0.20541517771662246,0.3133150041103363,-0.1998590249232091],"max":[-0.12357664803017929,0.6636300086975098,0.17516504170467287]}},{"pid":15,"label":"caster","name":"caster 1","obb":{"centroid":[-0.00002800021320581436,0.03805199917405844,0.30697350203990936],"axesLengths":[0.04524502158164978,0.023471998050808907,0.018055999651551247],"normalizedAxes":[0,0,1,0,1,0,-1,0,0],"metadata":{"constrainVertical":true},"min":[-0.009056000038981438,0.026316000148653984,0.2843509912490845],"max":[0.008999999612569809,0.04978799819946289,0.32959601283073425]},"baseIds":[9],"childIds":[4]},{"pid":16,"label":"caster","name":"caster 2","obb":{"centroid":[0.3189148510562847,0.03805199917405844,0.07528844915431787],"axesLengths":[0.0452455946474975,0.023471998050808907,0.018055861049574278],"normalizedAxes":[-0.951053922286478,0,-0.3090249777987305,0,1,0,0.3090249777987305,0,-0.951053922286478],"metadata":{"constrainVertical":true},"min":[0.29460949489845056,0.026316000148653984,0.059711390977872605],"max":[0.34322020721411883,0.04978799819946289,0.09086550733076314]},"baseIds":[9],"childIds":[5]},{"pid":17,"label":"caster","name":"caster 3","obb":{"centroid":[0.19712791284663858,0.03805199917405844,-0.2996388844519469],"axesLengths":[0.045245394400259695,0.023471998050808907,0.018056290481646566],"normalizedAxes":[-0.5877689963773635,0,0.8090288047390816,0,1,0,-0.8090288047390816,0,-0.5877689963773635],"metadata":{"constrainVertical":true},"min":[0.17652696326477518,0.026316000148653984,-0.3232477619950899],"max":[0.21772886242850198,0.04978799819946289,-0.2760300069088039]},"baseIds":[9],"childIds":[7]},null,null,{"pid":20,"label":"support beam","name":"support beam 2","obb":{"centroid":[-0.24666532097352376,0.42971272618060496,0.013734710850295968],"axesLengths":[0.14031653532518776,0.051302516881607314,0.05205166520892481],"normalizedAxes":[0.6306642738004694,-0.7760211593121005,-0.007330351398907306,-0.7754776416639516,-0.6305308658205696,0.032638237190141126,-0.029949975476518634,-0.01489924654025512,-0.9994403491061828],"metadata":{"constrainVertical":false},"min":[-0.31158308434969906,0.3587067504832938,-0.013628052986408982],"max":[-0.18174755759734845,0.5007187018779161,0.041097474687000916]}},null,{"pid":22,"label":"gas lift piece","name":"gas lift piece 2","obb":{"centroid":[0,0.1816760003566742,-0.02836250001564622],"axesLengths":[0.033160001039505005,0.08858799934387207,0.033075000159442425],"normalizedAxes":[1,0,0,0,1,0,0,0,1],"metadata":{"constrainVertical":true},"min":[-0.016580000519752502,0.13738200068473816,-0.04490000009536743],"max":[0.016580000519752502,0.22597000002861023,-0.011824999935925007]},"baseIds":[31],"childIds":[12,13,27,23,3,11,28,29,10,26,14,21,20,30,25,24]},{"pid":23,"label":"support beam","name":"support beam 3","obb":{"centroid":[0.16449589496064507,0.48847250640392303,-0.012346493063974251],"axesLengths":[0.3728059781493524,0.35031500458717346,0.06849643766648447],"normalizedAxes":[0.035906877119751233,0,-0.9993551401656505,0,1,0,0.9993551401656507,0,0.03590687711975124],"metadata":{"constrainVertical":true},"min":[0.12357661220466766,0.3133150041103363,-0.1998590249232091],"max":[0.2054151777166225,0.6636300086975098,0.17516603879526058]}},{"pid":24,"label":"support beam","name":"support beam 4","obb":{"centroid":[-0.09822147568055618,0.31540155591707536,-0.015287215741662682],"axesLengths":[0.012286398590895739,0.2920262543334269,0.06493768328515286],"normalizedAxes":[-0.9996338650853558,-0.018667498189689186,-0.019587248041784043,0.005730620029294058,0.5614149288661624,-0.8275146147593292,0.0264442010390232,-0.8273238798424348,-0.5611023989200795],"metadata":{"constrainVertical":false},"min":[-0.1060577840632363,0.2064506803117964,-0.15445388572300633],"max":[-0.09038516729787607,0.42435243152235436,0.12387945423968098]}},{"pid":25,"label":"support beam","name":"support beam 5","obb":{"centroid":[0.09822144899758946,0.31540155845295503,-0.015287215313033242],"axesLengths":[0.012286418914889312,0.29202625257561493,0.06493767948710463],"normalizedAxes":[-0.9996337744623329,0.018670572180523693,0.019588943019997182,-0.005730297295978018,0.5614149292768462,-0.8275146167156038,-0.02644769644200699,-0.8273238101973891,-0.5611023368632375],"metadata":{"constrainVertical":false},"min":[0.09038506470022539,0.206450668039675,-0.15445389238390222],"max":[0.10605783329495352,0.4243524488662351,0.12387946175783575]}},{"pid":26,"label":"support rod","name":"support rod 1","obb":{"centroid":[-0.13040300086140633,0.3245279937982559,0.16984999924898148],"axesLengths":[0.027712002396583557,0.02771201729774475,0.019134007394313812],"normalizedAxes":[0,0,1,0,1,0,-1,0,0],"metadata":{"constrainVertical":true},"min":[-0.13997000455856323,0.31067198514938354,0.1559939980506897],"max":[-0.12083599716424942,0.3383840024471283,0.18370600044727325]}},{"pid":27,"label":"support rod","name":"support rod 2","obb":{"centroid":[0.13040300086140633,0.3245279937982559,0.16984999924898148],"axesLengths":[0.027712002396583557,0.02771201729774475,0.019134007394313812],"normalizedAxes":[0,0,1,0,1,0,-1,0,0],"metadata":{"constrainVertical":true},"min":[0.12083599716424942,0.31067198514938354,0.1559939980506897],"max":[0.13997000455856323,0.3383840024471283,0.18370600044727325]}},{"pid":28,"label":"support beam","name":"support beam 6","obb":{"centroid":[0.24670593149218695,0.42963092722457974,0.013599714629756201],"axesLengths":[0.1403452431870431,0.05075521265873352,0.05077571055482748],"normalizedAxes":[-0.6327574878841886,-0.7743458687803815,-0.002537130120089352,-0.7742214663382807,0.6325893391766875,0.020294063688765056,-0.014109662912088592,0.014805521360531319,-0.9997908350998974],"metadata":{"constrainVertical":false},"min":[0.1822975780699193,0.35886356394075924,-0.01247588223041175],"max":[0.3111142849144546,0.5003982905084002,0.03967531148992415]}},{"pid":29,"label":"support rod","name":"support rod 3","obb":{"centroid":[0.2673735022544861,0.4740940034389496,0.013488000025972724],"axesLengths":[0.02000000001862645,0.019999980926513672,0.019438982009887695],"normalizedAxes":[0,0,1,0,1,0,-1,0,0],"metadata":{"constrainVertical":true},"min":[0.25765401124954224,0.46409401297569275,0.003488000016659498],"max":[0.27709299325942993,0.4840939939022064,0.02348800003528595]}},{"pid":30,"label":"support rod","name":"support rod 4","obb":{"centroid":[-0.2673735022544861,0.4740940034389496,0.013488000025972724],"axesLengths":[0.02000000001862645,0.019999980926513672,0.019438982009887695],"normalizedAxes":[0,0,1,0,1,0,-1,0,0],"metadata":{"constrainVertical":true},"min":[-0.27709299325942993,0.46409401297569275,0.003488000016659498],"max":[-0.25765401124954224,0.4840939939022064,0.02348800003528595]}},{"pid":31,"label":"gas lift piece","name":"gas lift piece 3","obb":{"centroid":[-9.545153579603588e-8,0.10622400231659412,-0.028362519415774237],"axesLengths":[0.05023712997254991,0.12099000439047813,0.05010863570843807],"normalizedAxes":[-0.9808874398966484,0,-0.19457602692263737,0,1,0,0.19457602692263742,0,-0.9808874398966486],"metadata":{"constrainVertical":true},"min":[-0.029513549980131466,0.04572900012135506,-0.0578254556911835],"max":[0.029513359077059872,0.1667190045118332,0.0011004168596350193]}},{"pid":32,"label":"gas lift piece","name":"gas lift piece 4","obb":{"centroid":[9.544737231571149e-8,0.028188500087708235,-0.028362519414054824],"axesLengths":[0.043066920401886394,0.035081000067293644,0.0429384259082015],"normalizedAxes":[0.9808891923898797,0,-0.19456719212839937,0,1,0,0.19456719212839937,0,0.9808891923898797],"metadata":{"constrainVertical":true},"min":[-0.025299047420176517,0.010648000054061413,-0.05361114325795521],"max":[0.025299238314921146,0.04572900012135506,-0.0031138955701544395]}}],"connectivityGraph":[[],[12,13,14,15,16,18],[17],[11],[18],[12],[13],[16],[14],[15],[18],[3,18],[5,1],[6,1],[8,1],[9,1],[7,1],[2,18],[4,10,11,17,1]],"articulations":[{"pid":2,"type":"Translation","axis":[0,0,1],"origin":[-0.2751470059156418,0.6934645175933838,-0.007461998611688614],"rangeMin":-0.0701422626250384,"rangeMax":0.0701422626250384,"base":[17],"value":0},{"pid":3,"type":"Translation","axis":[0,0,1],"origin":[0.2751470059156418,0.6934645175933838,-0.007461998611688614],"rangeMin":-0.0701422626250384,"rangeMax":0.0701422626250384,"base":[11],"value":0},{"pid":4,"type":"Hinge Rotation","axis":[0.9993551401656505,0,0.035906877119751233],"origin":[0.23217172102628017,0.4293150041103362,-0.18078520651190394],"rangeMin":-0.18849555921538758,"rangeMax":0.07853981633974483,"base":[18],"value":0},{"pid":5,"type":"Central Rotation","axis":[-1,0,0],"origin":[-0.000028500333428382874,0.025014499100507237,0.31538400053977966],"rangeMin":-3.141592653589793,"rangeMax":3.141592653589793,"base":[12],"value":0},{"pid":6,"type":"Central Rotation","axis":[0.30901756545265857,0,-0.9510563307405676],"origin":[0.32976644030748237,0.025014499100507237,0.07881467496090609],"rangeMin":-3.141592653589793,"rangeMax":3.141592653589793,"base":[13],"value":0},{"pid":7,"type":"Central Rotation","axis":[0.30901756545265857,0,0.9510563307405676],"origin":[-0.32978458130077376,0.025014499100507237,0.07876124182861405],"rangeMin":-3.141592653589793,"rangeMax":3.141592653589793,"base":[16],"value":0},{"pid":8,"type":"Central Rotation","axis":[-0.809017690817185,0,-0.5877842937207747],"origin":[0.203835192202454,0.025014499100507237,-0.30887009292989054],"rangeMin":-3.141592653589793,"rangeMax":3.141592653589793,"base":[14],"value":0},{"pid":9,"type":"Central Rotation","axis":[0.8090185846641318,0,-0.5877830634409646],"origin":[-0.20378965217786538,0.025014499100507237,-0.3089031815654103],"rangeMin":-3.141592653589793,"rangeMax":3.141592653589793,"base":[15],"value":0},{"pid":10,"type":"Central Rotation","axis":[-1,0,0],"origin":[0,0.4195210039615631,0.08163700252771378],"rangeMin":-0.23561944901923448,"rangeMax":0.15707963267948966,"base":[18],"value":0},{"pid":11,"type":"Translation","axis":[0,1,0],"origin":[0.2601584851737282,0.6207724809646606,-0.11514195753724817],"rangeMin":-0.17547250688076,"rangeMax":0.0355274931192398,"base":[18],"value":0},{"pid":12,"type":"Central Rotation","axis":[0,1,0],"origin":[-0.00002800021320581436,0.03805199917405844,0.3013509912490845],"rangeMin":-3.141592653589793,"rangeMax":3.141592653589793,"base":[1],"value":0},{"pid":13,"type":"Central Rotation","axis":[0,1,0],"origin":[0.30868655915566734,0.03805199917405844,0.07196498073319178],"rangeMin":-3.141592653589793,"rangeMax":3.141592653589793,"base":[1],"value":0},{"pid":14,"type":"Central Rotation","axis":[0,1,0],"origin":[0.19712791284663858,0.03805199917405844,-0.2996388844519469],"rangeMin":-3.141592653589793,"rangeMax":3.141592653589793,"base":[1],"value":0},{"pid":15,"type":"Central Rotation","axis":[0,1,0],"origin":[-0.1931123082611337,0.03805199917405844,-0.29420678789379795],"rangeMin":-3.141592653589793,"rangeMax":3.141592653589793,"base":[1],"value":0},{"pid":16,"type":"Central Rotation","axis":[0,1,0],"origin":[-0.30680168114605333,0.03805199917405844,0.07129380838184372],"rangeMin":-3.141592653589793,"rangeMax":3.141592653589793,"base":[1],"value":0},{"pid":17,"type":"Translation","axis":[0,1,0],"origin":[-0.26015813139043586,0.6207724809646606,-0.11514281002613701],"rangeMin":-0.17547250688076,"rangeMax":0.0355274931192398,"base":[18],"value":0},{"pid":18,"type":"Central Rotation","axis":[0,1,0],"origin":[0,0.1816760003566742,-0.02836250001564622],"rangeMin":-3.141592653589793,"rangeMax":3.141592653589793,"base":[1],"value":0}]}