{"version":"articulated-parts@0.0.1","modelId":"p5d.194","metadata":{"connectivity":{"minDist":0.001,"maxDist":0.05,"minConnDist":0.001,"maxConnDist":0.05,"maxConnRelDist":0,"partsAnnId":27853,"condensed":true}},"parts":[null,{"pid":1,"label":"static","name":"static","obb":{"centroid":[0,1.0499999460546343,-0.002053499221801758],"axesLengths":[2,2.099999917155868,0.5718929767608643],"normalizedAxes":[1,0,0,0,1,0,0,0,1],"metadata":{"constrainVertical":true},"min":[-1,-1.2523299730560211e-8,-0.2879999876022339],"max":[1,2.0999999046325684,0.28389298915863037]},"sourcePartIds":[0,2,3,4,5,6,7,11,12]},{"pid":2,"label":"cabinet door","name":"cabinet door 1","obb":{"centroid":[0.8716021519199185,1.0499988039955497,0.07727105922133248],"axesLengths":[0.7052366553928648,2.0519022066146135,0.2664625653637365],"normalizedAxes":[0.6230790609238043,0,-0.7821588609983973,0,1,0,0.7821588609983973,0,0.6230790609238043],"metadata":{"constrainVertical":true},"min":[0.5476850271224976,0.024047700688242912,-0.2815461128359611],"max":[1.1955192767173395,2.0759499073028564,0.43608823127862606]},"baseIds":[1],"sourcePartIds":[1,10],"articulationIds":[0]},{"pid":3,"label":"cabinet door","name":"cabinet door 2","obb":{"centroid":[-0.6034144751557003,1.0499991038814187,0.2592578482445585],"axesLengths":[0.7142350919457485,2.0519016068428755,0.06185622262443427],"normalizedAxes":[0.9932178293794388,0,0.1162684110272269,0,1,0,-0.1162684110272269,0,0.9932178293794388],"metadata":{"constrainVertical":true},"min":[-0.9617059513585351,0.024048300459980965,0.18701800704002378],"max":[-0.24512299895286555,2.0759499073028564,0.3314976894490932]},"baseIds":[1],"sourcePartIds":[8,9],"articulationIds":[1]}],"sourceParts":[{"pid":0,"label":"unknown","name":"unknown"},{"pid":1,"label":"cabinet door","name":"cabinet door 1","obb":{"centroid":[0.8716021519199185,1.0499988039955497,0.07727105922133248],"axesLengths":[0.7052366553928648,2.0519022066146135,0.2664625653637365],"normalizedAxes":[0.6230790609238043,0,-0.7821588609983973,0,1,0,0.7821588609983973,0,0.6230790609238043],"metadata":{"constrainVertical":true},"min":[0.5476850271224976,0.024047700688242912,-0.2815461128359611],"max":[1.1955192767173395,2.0759499073028564,0.43608823127862606]},"baseIds":[4],"childIds":[10]},{"pid":2,"label":"seat","name":"seat 1","obb":{"centroid":[0.15128099918365479,0.22187545336782932,-0.0026820003986358643],"axesLengths":[0.767989993095398,0.3956551067531109,0.5411499738693237],"normalizedAxes":[1,0,0,0,1,0,0,0,1],"metadata":{"constrainVertical":true},"min":[-0.2327139973640442,0.02404789999127388,-0.27325698733329773],"max":[0.5352759957313538,0.41970300674438477,0.267892986536026]}},{"pid":3,"label":"back panel","name":"back panel 1","obb":{"centroid":[-1.7427999351288768e-16,1.0499989846721292,-0.27987849712371826],"axesLengths":[1.997002189497855,2.052142171189189,0.013682786732240482],"normalizedAxes":[-0.999999975679868,0,0.00022054537749541364,0,1,0,-0.00022054537749541364,0,-0.999999975679868],"metadata":{"constrainVertical":true},"min":[-0.9985025793029318,0.023927899077534676,-0.2869401051243259],"max":[0.9985025793029314,2.0760700702667236,-0.27281688912311064]}},{"pid":4,"label":"side panel","name":"side panel 1","obb":{"centroid":[0.9889292342153436,1.0499988039955497,-0.04170230197765299],"axesLengths":[0.4618923680729515,2.0519022066146135,0.02539656263818363],"normalizedAxes":[0.09427948515505291,0,-0.9955457692536783,0,1,0,0.9955457692536785,0,0.09427948515505294],"metadata":{"constrainVertical":true},"min":[0.9545140266418457,0.024047700688242912,-0.2728169858455658],"max":[1.0233444417888415,2.0759499073028564,0.18941238189025983]}},{"pid":5,"label":"side panel","name":"side panel 2","obb":{"centroid":[-0.9889292337345693,1.0499991038814187,-0.04170230202318295],"axesLengths":[0.4618923680729515,2.0519016068428755,0.02539656167233289],"normalizedAxes":[0.09427948515505291,0,0.9955457692536783,0,1,0,-0.9955457692536785,0,0.09427948515505294],"metadata":{"constrainVertical":true},"min":[-1.023344440827293,0.024048300459980965,-0.2728169858455658],"max":[-0.9545140266418457,2.0759499073028564,0.1894123817991999]}},{"pid":6,"label":"top panel","name":"top panel 1","obb":{"centroid":[0,2.0879749059677124,-0.007999986410140991],"axesLengths":[2,0.024049997329711914,0.5600000023841858],"normalizedAxes":[1,0,0,0,1,0,0,0,1],"metadata":{"constrainVertical":true},"min":[-1,2.0759499073028564,-0.2879999876022339],"max":[1,2.0999999046325684,0.2720000147819519]}},{"pid":7,"label":"bottom panel","name":"bottom panel 1","obb":{"centroid":[0,0.012024093676921588,-0.008003488183021545],"axesLengths":[1.9991220235824585,0.024048212400442637,0.5591129958629608],"normalizedAxes":[1,0,0,0,1,0,0,0,1],"metadata":{"constrainVertical":true},"min":[-0.9995610117912292,-1.2523299730560211e-8,-0.28755998611450195],"max":[0.9995610117912292,0.024048199877142906,0.27155300974845886]}},{"pid":8,"label":"cabinet door","name":"cabinet door 2","obb":{"centroid":[-0.6034144751557003,1.0499991038814187,0.2592578482445585],"axesLengths":[0.7142350919457485,2.0519016068428755,0.06185622262443427],"normalizedAxes":[0.9932178293794388,0,0.1162684110272269,0,1,0,-0.1162684110272269,0,0.9932178293794388],"metadata":{"constrainVertical":true},"min":[-0.9617059513585351,0.024048300459980965,0.18701800704002378],"max":[-0.24512299895286555,2.0759499073028564,0.3314976894490932]},"baseIds":[5],"childIds":[9]},{"pid":9,"label":"handle","name":"handle 1","obb":{"centroid":[-0.31105799973011017,0.802035003900528,0.27928800880908966],"axesLengths":[0.04074600338935852,0.07399803400039673,0.01600000262260437],"normalizedAxes":[1,0,0,0,1,0,0,0,1],"metadata":{"constrainVertical":true},"min":[-0.33143100142478943,0.7650359869003296,0.2712880074977875],"max":[-0.2906849980354309,0.8390340209007263,0.28728801012039185]}},{"pid":10,"label":"handle","name":"handle 2","obb":{"centroid":[0.6202560067176819,0.802035003900528,0.27928800880908966],"axesLengths":[0.04074597358703613,0.07399803400039673,0.01600000262260437],"normalizedAxes":[1,0,0,0,1,0,0,0,1],"metadata":{"constrainVertical":true},"min":[0.5998830199241638,0.7650359869003296,0.2712880074977875],"max":[0.6406289935112,0.8390340209007263,0.28728801012039185]}},{"pid":11,"label":"side panel","name":"side panel 3","obb":{"centroid":[-0.23869899660348892,1.0499990032985806,-0.0013784915208816528],"axesLengths":[0.5437569916248322,2.0519018080085516,0.011969998478889465],"normalizedAxes":[0,0,1,0,1,0,-1,0,0],"metadata":{"constrainVertical":true},"min":[-0.24468399584293365,0.024048099294304848,-0.27325698733329773],"max":[-0.2327139973640442,2.0759499073028564,0.2705000042915344]}},{"pid":12,"label":"side panel","name":"side panel 4","obb":{"centroid":[0.5412609875202179,1.0499989036470652,-0.0013784915208816528],"axesLengths":[0.5437569916248322,2.0519020073115826,0.011969983577728271],"normalizedAxes":[0,0,1,0,1,0,-1,0,0],"metadata":{"constrainVertical":true},"min":[0.5352759957313538,0.02404789999127388,-0.27325698733329773],"max":[0.547245979309082,2.0759499073028564,0.2705000042915344]}}],"connectivityGraph":[[],[2,3],[1],[1]],"articulations":[{"pid":2,"type":"Hinge Rotation","axis":[0,1,0],"origin":[0.9758101802317241,1.0499988039955497,0.16028468172042487],"rangeMin":0,"rangeMax":2.0263272615654166,"base":[1],"value":0},{"pid":3,"type":"Hinge Rotation","axis":[0,1,0],"origin":[-0.9581099890001904,1.0499991038814187,0.2177363586243497],"rangeMin":-2.0106192982974678,"rangeMax":0,"base":[1],"value":0}]}