{"version":"articulated-parts@0.0.1","modelId":"p5d.415","metadata":{"connectivity":{"minDist":0.001,"maxDist":0.05,"minConnDist":0.001,"maxConnDist":0.05,"maxConnRelDist":0,"partsAnnId":25739,"condensed":true}},"parts":[null,{"pid":1,"label":"static","name":"static","obb":{"centroid":[0.019855680911595786,0.14497600123286247,0.05976906466410764],"axesLengths":[0.6966796416087775,0.15707600861787796,0.664993119531013],"normalizedAxes":[0.8097283541844572,0,-0.5868049015045206,0,1,0,0.5868049015045207,0,0.8097283541844574],"metadata":{"constrainVertical":true},"min":[-0.45731555988904066,0.06643799692392349,-0.41387034168403175],"max":[0.49702692171223223,0.22351400554180145,0.5334084710122471]},"sourcePartIds":[1]},{"pid":2,"label":"caster","name":"caster 1","obb":{"centroid":[0.21602717594021267,0.0572095001116395,0.3294842275420392],"axesLengths":[0.0822125837480255,0.06380300037562847,0.04157204689904571],"normalizedAxes":[-0.5887632397156091,0,-0.8083055409680057,0,1,0,0.8083055409680057,0,-0.5887632397156091],"metadata":{"constrainVertical":true},"min":[0.1750238444348333,0.025307999923825264,0.2840197375446809],"max":[0.2570305074455921,0.08911100029945374,0.3749487175393975]},"baseIds":[1],"childIds":[16],"sourcePartIds":[2],"articulationIds":[0]},{"pid":3,"label":"caster","name":"caster 2","obb":{"centroid":[0.3496028702283533,0.0572095001116395,-0.08044507960709318],"axesLengths":[0.0823091685765686,0.06380300037562847,0.04151269599963493],"normalizedAxes":[-0.9512874625632328,0,0.308305309020143,0,1,0,-0.308305309020143,0,-0.9512874625632328],"metadata":{"constrainVertical":true},"min":[0.3040537378836933,0.025307999923825264,-0.11287851005451399],"max":[0.3951520025730133,0.08911100029945374,-0.048011649159672376]},"baseIds":[1],"childIds":[15],"sourcePartIds":[3],"articulationIds":[1]},{"pid":4,"label":"caster","name":"caster 3","obb":{"centroid":[0.00002800021320581436,0.0572095001116395,-0.33382248878479004],"axesLengths":[0.08208900690078735,0.06380300037562847,0.04160800017416477],"normalizedAxes":[0,0,1,0,1,0,-1,0,0],"metadata":{"constrainVertical":true},"min":[-0.02077599987387657,0.025307999923825264,-0.3748669922351837],"max":[0.0208320003002882,0.08911100029945374,-0.29277798533439636]},"baseIds":[1],"childIds":[12],"sourcePartIds":[4],"articulationIds":[2]},{"pid":5,"label":"caster","name":"caster 4","obb":{"centroid":[-0.3496024354147871,0.0572095001116395,-0.08052143015962583],"axesLengths":[0.0823104311179189,0.06380300037562847,0.041512578414681034],"normalizedAxes":[0.9512877472712747,0,0.30830443054154,0,1,0,-0.30830443054154005,0,0.951287747271275],"metadata":{"constrainVertical":true},"min":[-0.395152143636558,0.025307999923825264,-0.11295496905810719],"max":[-0.3040527271930162,0.08911100029945374,-0.048087891261144475]},"baseIds":[1],"childIds":[13],"sourcePartIds":[5],"articulationIds":[3]},{"pid":6,"label":"armrest","name":"armrest 1","obb":{"centroid":[0.2549120349442828,0.692317008972168,0.04525199532444149],"axesLengths":[0.2358019947772123,0.011124014854431152,0.05200101434669428],"normalizedAxes":[-0.000014074544721876654,0,-0.9999999999009537,0,1,0,0.9999999999009537,0,-0.000014074544721876654],"min":[0.2289098683706504,0.6867550015449524,-0.07264936799778801],"max":[0.28091420151791513,0.6978790163993835,0.163153358646671]},"baseIds":[10],"sourcePartIds":[5],"articulationIds":[4]},{"pid":7,"label":"armrest","name":"armrest 2","obb":{"centroid":[-0.2631780058145523,0.692317008972168,0.0452519953250885],"axesLengths":[0.23580199480056763,0.011124014854431152,0.0520000159740448],"normalizedAxes":[0,0,1,0,1,0,-1,0,0],"min":[-0.2891780138015747,0.6867550015449524,-0.07264900207519531],"max":[-0.2371779978275299,0.6978790163993835,0.16315299272537231]},"baseIds":[9],"sourcePartIds":[6],"articulationIds":[5]},{"pid":8,"label":"seat","name":"seat 1","obb":{"centroid":[-0.004133507609367371,0.6933424919843674,0.0021045058965682983],"axesLengths":[0.580612987279892,0.6880749762058258,0.5020590126514435],"normalizedAxes":[0,0,1,0,1,0,-1,0,0],"metadata":{"constrainVertical":true},"min":[-0.2551630139350891,0.34930500388145447,-0.2882019877433777],"max":[0.24689599871635437,1.0373799800872803,0.2924109995365143]},"baseIds":[11],"sourcePartIds":[7,8],"articulationIds":[6]},{"pid":9,"label":"arm","name":"arm 1","obb":{"centroid":[-0.1799592551584029,0.5392480045557022,0.04528318592656842],"axesLengths":[0.2358019782381891,0.2991640269756317,0.2184657666972116],"normalizedAxes":[0.0003748026091260262,0,-0.9999999297614997,0,1,0,0.9999999297614997,0,0.0003748026091260262],"metadata":{"constrainVertical":true},"min":[-0.28923632043299513,0.38966599106788635,-0.07265873568101888],"max":[-0.07068218988381063,0.6888300180435181,0.16322510753415573]},"baseIds":[1],"childIds":[7],"sourcePartIds":[9],"articulationIds":[7]},{"pid":10,"label":"arm","name":"arm 2","obb":{"centroid":[0.17169325321862933,0.5392480045557022,0.04528318592656843],"axesLengths":[0.23580197823818913,0.2991640269756317,0.21846576669721163],"normalizedAxes":[0.0003748026091260262,0,0.9999999297614997,0,1,0,-0.9999999297614997,0,0.0003748026091260262],"metadata":{"constrainVertical":true},"min":[0.062416187944037055,0.38966599106788635,-0.07265873568101888],"max":[0.2809703184932216,0.6888300180435181,0.16322510753415576]},"baseIds":[1],"childIds":[6],"sourcePartIds":[10],"articulationIds":[8]},{"pid":11,"label":"gas lift piece","name":"gas lift piece 1","obb":{"centroid":[-0.03464449942111969,0.3131820037961006,0.032847002148628235],"axesLengths":[0.22605299949645996,0.1919420212507248,0.15644200146198273],"normalizedAxes":[1,0,0,0,1,0,0,0,1],"metadata":{"constrainVertical":true},"min":[-0.14767099916934967,0.21721099317073822,-0.04537399858236313],"max":[0.07838200032711029,0.409153014421463,0.1110680028796196]},"baseIds":[1],"childIds":[8],"sourcePartIds":[12,15,11,16,14],"articulationIds":[9]},{"pid":12,"label":"wheel","name":"wheel 1","obb":{"centroid":[0.00002800021320581436,0.02501400001347065,-0.33685900270938873],"axesLengths":[0.05010601878166199,0.0500280000269413,0.04928000085055828],"normalizedAxes":[0,0,1,0,1,0,-1,0,0],"min":[-0.024612000212073326,0,-0.3619120121002197],"max":[0.024668000638484955,0.0500280000269413,-0.31180599331855774]},"baseIds":[4],"sourcePartIds":[17],"articulationIds":[10]},{"pid":13,"label":"wheel","name":"wheel 2","obb":{"centroid":[-0.35248344996652886,0.02501400001347065,-0.08145518702200931],"axesLengths":[0.05022150215179802,0.0500280000269413,0.04918266278973234],"normalizedAxes":[0.9508256939253779,0,0.30972649187843737,0,1,0,-0.30972649187843737,0,0.9508256939253779],"min":[-0.38397598408680994,0,-0.11261472159925276],"max":[-0.3209909158462478,0.0500280000269413,-0.05029565244476586]},"baseIds":[5],"sourcePartIds":[18],"articulationIds":[11]},{"pid":14,"label":"wheel","name":"wheel 3","obb":{"centroid":[-0.21789173305045575,0.02501400001347065,0.33187382872199733],"axesLengths":[0.05014995646793324,0.0500280000269413,0.04926187911650134],"normalizedAxes":[-0.5868027439209885,0,0.8097299177669051,0,1,0,-0.8097299177669051,0,-0.5868027439209885],"min":[-0.25255020774493037,0,0.29711636574046707],"max":[-0.18323325835598114,0.0500280000269413,0.3666312917035276]},"baseIds":[17],"sourcePartIds":[19],"articulationIds":[12]},{"pid":15,"label":"wheel","name":"wheel 4","obb":{"centroid":[0.35248346236645756,0.02501400001347065,-0.08137865011520483],"axesLengths":[0.05022150269569406,0.0500280000269413,0.049181871706058714],"normalizedAxes":[0.9508231684118889,0,-0.3097342448150943,0,1,0,0.3097342448150944,0,0.9508231684118891],"min":[0.3209909232629601,0,-0.11253794126266073],"max":[0.38397600146995503,0.0500280000269413,-0.05021935896774893]},"baseIds":[3],"sourcePartIds":[20],"articulationIds":[13]},{"pid":16,"label":"wheel","name":"wheel 5","obb":{"centroid":[0.21780168352934595,0.02501400001347065,0.33192086068789745],"axesLengths":[0.05014995646793324,0.0500280000269413,0.049261764244868396],"normalizedAxes":[0.5868027439209885,0,0.8097299177669051,0,1,0,-0.8097299177669051,0,0.5868027439209885],"min":[0.1831432553423703,0,0.2971634314098619],"max":[0.2524601117163216,0.0500280000269413,0.366678289965933]},"baseIds":[2],"sourcePartIds":[21],"articulationIds":[14]},{"pid":17,"label":"caster","name":"caster 5","obb":{"centroid":[-0.2161169726083072,0.0572095001116395,0.3294369058378958],"axesLengths":[0.08221181789224241,0.06380300037562847,0.04157205880324398],"normalizedAxes":[0.5887643710710604,0,-0.8083047168966038,0,1,0,0.8083047168966038,0,0.5887643710710604],"metadata":{"constrainVertical":true},"min":[-0.2571201128471571,0.025307999923825264,0.2839727322167132],"max":[-0.17511383236945732,0.08911100029945374,0.3749010794590784]},"baseIds":[1],"childIds":[14],"sourcePartIds":[17],"articulationIds":[15]}],"sourceParts":[null,{"pid":1,"label":"caster","name":"caster 1","obb":{"centroid":[0.21602717594021267,0.0572095001116395,0.3294842275420392],"axesLengths":[0.0822125837480255,0.06380300037562847,0.04157204689904571],"normalizedAxes":[-0.5887632397156091,0,-0.8083055409680057,0,1,0,0.8083055409680057,0,-0.5887632397156091],"metadata":{"constrainVertical":true},"min":[0.1750238444348333,0.025307999923825264,0.2840197375446809],"max":[0.2570305074455921,0.08911100029945374,0.3749487175393975]},"baseIds":[13],"childIds":[21]},{"pid":2,"label":"caster","name":"caster 2","obb":{"centroid":[0.3496028702283533,0.0572095001116395,-0.08044507960709318],"axesLengths":[0.0823091685765686,0.06380300037562847,0.04151269599963493],"normalizedAxes":[-0.9512874625632328,0,0.308305309020143,0,1,0,-0.308305309020143,0,-0.9512874625632328],"metadata":{"constrainVertical":true},"min":[0.3040537378836933,0.025307999923825264,-0.11287851005451399],"max":[0.3951520025730133,0.08911100029945374,-0.048011649159672376]},"baseIds":[13],"childIds":[20]},{"pid":3,"label":"caster","name":"caster 3","obb":{"centroid":[0.00002800021320581436,0.0572095001116395,-0.33382248878479004],"axesLengths":[0.08208900690078735,0.06380300037562847,0.04160800017416477],"normalizedAxes":[0,0,1,0,1,0,-1,0,0],"metadata":{"constrainVertical":true},"min":[-0.02077599987387657,0.025307999923825264,-0.3748669922351837],"max":[0.0208320003002882,0.08911100029945374,-0.29277798533439636]},"baseIds":[13],"childIds":[17]},{"pid":4,"label":"caster","name":"caster 4","obb":{"centroid":[-0.3496024354147871,0.0572095001116395,-0.08052143015962583],"axesLengths":[0.0823104311179189,0.06380300037562847,0.041512578414681034],"normalizedAxes":[0.9512877472712747,0,0.30830443054154,0,1,0,-0.30830443054154005,0,0.951287747271275],"metadata":{"constrainVertical":true},"min":[-0.395152143636558,0.025307999923825264,-0.11295496905810719],"max":[-0.3040527271930162,0.08911100029945374,-0.048087891261144475]},"baseIds":[13],"childIds":[18]},{"pid":5,"label":"armrest","name":"armrest 1","obb":{"centroid":[0.2549120349442828,0.692317008972168,0.04525199532444149],"axesLengths":[0.2358019947772123,0.011124014854431152,0.05200101434669428],"normalizedAxes":[-0.000014074544721876654,0,-0.9999999999009537,0,1,0,0.9999999999009537,0,-0.000014074544721876654],"metadata":{"constrainVertical":true},"min":[0.2289098683706504,0.6867550015449524,-0.07264936799778801],"max":[0.28091420151791513,0.6978790163993835,0.163153358646671]},"baseIds":[10]},{"pid":6,"label":"armrest","name":"armrest 2","obb":{"centroid":[-0.2631780058145523,0.692317008972168,0.0452519953250885],"axesLengths":[0.23580199480056763,0.011124014854431152,0.0520000159740448],"normalizedAxes":[0,0,1,0,1,0,-1,0,0],"metadata":{"constrainVertical":true},"min":[-0.2891780138015747,0.6867550015449524,-0.07264900207519531],"max":[-0.2371779978275299,0.6978790163993835,0.16315299272537231]},"baseIds":[9]},{"pid":7,"label":"seat","name":"seat 1","obb":{"centroid":[-0.004127900543830621,0.4331725444377518,0.04905104791359957],"axesLengths":[0.503584688652126,0.4927675504645633,0.09329659746515132],"normalizedAxes":[0.9999918458783432,-0.001261782966284312,0.0038361543984997944,0.0039034150220548765,0.058513049521823735,-0.9982790122940691,0.0010351463610190038,0.9982858463082619,0.05851749766188462],"metadata":{"constrainVertical":false},"min":[-0.2569282176705988,0.3718698347260101,-0.20060435989177589],"max":[0.2486724165829376,0.49447525414949356,0.29870645571897503]},"baseIds":[11],"childIds":[8]},{"pid":8,"label":"backrest","name":"backrest 1","obb":{"centroid":[-0.00413300096988678,0.6933424919843674,-0.21747999638319016],"axesLengths":[0.47953200340270996,0.6880749762058258,0.14144398272037506],"normalizedAxes":[-1,0,0,0,1,0,0,0,-1],"metadata":{"constrainVertical":true},"min":[-0.24389900267124176,0.34930500388145447,-0.2882019877433777],"max":[0.2356330007314682,1.0373799800872803,-0.14675800502300262]}},{"pid":9,"label":"arm","name":"arm 1","obb":{"centroid":[-0.1799592551584029,0.5392480045557022,0.04528318592656842],"axesLengths":[0.2358019782381891,0.2991640269756317,0.2184657666972116],"normalizedAxes":[0.0003748026091260262,0,-0.9999999297614997,0,1,0,0.9999999297614997,0,0.0003748026091260262],"metadata":{"constrainVertical":true},"min":[-0.28923632043299513,0.38966599106788635,-0.07265873568101888],"max":[-0.07068218988381063,0.6888300180435181,0.16322510753415573]},"baseIds":[7],"childIds":[6]},{"pid":10,"label":"arm","name":"arm 2","obb":{"centroid":[0.17169325321862933,0.5392480045557022,0.04528318592656843],"axesLengths":[0.23580197823818913,0.2991640269756317,0.21846576669721163],"normalizedAxes":[0.0003748026091260262,0,0.9999999297614997,0,1,0,-0.9999999297614997,0,0.0003748026091260262],"metadata":{"constrainVertical":true},"min":[0.062416187944037055,0.38966599106788635,-0.07265873568101888],"max":[0.2809703184932216,0.6888300180435181,0.16322510753415576]},"baseIds":[7],"childIds":[5]},{"pid":11,"label":"gas lift mechanism","name":"gas lift mechanism 1","obb":{"centroid":[-0.000012498348951339722,0.38346150517463684,0.03282050043344498],"axesLengths":[0.15678899735212326,0.051383018493652344,0.1563889980316162],"normalizedAxes":[1,0,0,0,1,0,0,0,1],"metadata":{"constrainVertical":true},"min":[-0.07840699702501297,0.35776999592781067,-0.04537399858236313],"max":[0.07838200032711029,0.409153014421463,0.11101499944925308]}},{"pid":12,"label":"gas lift piece","name":"gas lift piece 1","obb":{"centroid":[-0.000012000227276042028,0.2625114992260933,0.032819999860909575],"axesLengths":[0.05505506928571512,0.09060101211071014,0.054915740565177056],"normalizedAxes":[-0.9952109365702685,0,0.09775066102553485,0,1,0,-0.09775066102553485,0,-0.9952109365702685],"metadata":{"constrainVertical":true},"min":[-0.030091728731141246,0.21721099317073822,0.0028027923530070664],"max":[0.03006772827658916,0.30781200528144836,0.06283720736881208]},"baseIds":[13],"childIds":[15,11,7,16,14]},null,{"pid":14,"label":"knob","name":"knob 1","obb":{"centroid":[-0.000012446905836932965,0.34516850113868713,0.08797145719295964],"axesLengths":[0.045972054227930076,0.046118974685668945,0.04352975420967434],"normalizedAxes":[0.09769073323693654,0,-0.9952168209187532,0,1,0,0.9952168209187534,0,0.09769073323693657],"metadata":{"constrainVertical":true},"min":[-0.023918740548767692,0.32210901379585266,0.06296914955986374],"max":[0.023893846737093827,0.3682279884815216,0.11297376482605553]}},{"pid":15,"label":"gas lift piece","name":"gas lift piece 2","obb":{"centroid":[-0.000012500345456538733,0.32450200617313385,0.03281999988362891],"axesLengths":[0.04108075484067594,0.1265999972820282,0.04097635503781363],"normalizedAxes":[-0.9951974499987278,0,0.097887872160087,0,1,0,-0.09788787216008703,0,-0.9951974499987281],"metadata":{"constrainVertical":true},"min":[-0.02245977567795225,0.26120200753211975,0.010419564022649597],"max":[0.022434774987039177,0.38780200481414795,0.05522043574460822]}},{"pid":16,"label":"lever","name":"lever 1","obb":{"centroid":[-0.10205850005149841,0.38672350347042084,0.03282050043344498],"axesLengths":[0.09122499823570251,0.008213013410568237,0.008225001394748688],"normalizedAxes":[1,0,0,0,1,0,0,0,1],"metadata":{"constrainVertical":true},"min":[-0.14767099916934967,0.3826169967651367,0.028707999736070633],"max":[-0.056446000933647156,0.39083001017570496,0.03693300113081932]}},{"pid":17,"label":"wheel","name":"wheel 1","obb":{"centroid":[0.00002800021320581436,0.02501400001347065,-0.33685900270938873],"axesLengths":[0.05010601878166199,0.0500280000269413,0.04928000085055828],"normalizedAxes":[0,0,1,0,1,0,-1,0,0],"metadata":{"constrainVertical":true},"min":[-0.024612000212073326,0,-0.3619120121002197],"max":[0.024668000638484955,0.0500280000269413,-0.31180599331855774]},"baseIds":[3]},{"pid":18,"label":"wheel","name":"wheel 2","obb":{"centroid":[-0.35248344996652886,0.02501400001347065,-0.08145518702200931],"axesLengths":[0.05022150215179802,0.0500280000269413,0.04918266278973234],"normalizedAxes":[0.9508256939253779,0,0.30972649187843737,0,1,0,-0.30972649187843737,0,0.9508256939253779],"metadata":{"constrainVertical":true},"min":[-0.38397598408680994,0,-0.11261472159925276],"max":[-0.3209909158462478,0.0500280000269413,-0.05029565244476586]},"baseIds":[4]},{"pid":19,"label":"wheel","name":"wheel 3","obb":{"centroid":[-0.21789173305045575,0.02501400001347065,0.33187382872199733],"axesLengths":[0.05014995646793324,0.0500280000269413,0.04926187911650134],"normalizedAxes":[-0.5868027439209885,0,0.8097299177669051,0,1,0,-0.8097299177669051,0,-0.5868027439209885],"metadata":{"constrainVertical":true},"min":[-0.25255020774493037,0,0.29711636574046707],"max":[-0.18323325835598114,0.0500280000269413,0.3666312917035276]},"baseIds":[22]},{"pid":20,"label":"wheel","name":"wheel 4","obb":{"centroid":[0.35248346236645756,0.02501400001347065,-0.08137865011520483],"axesLengths":[0.05022150269569406,0.0500280000269413,0.049181871706058714],"normalizedAxes":[0.9508231684118889,0,-0.3097342448150943,0,1,0,0.3097342448150944,0,0.9508231684118891],"metadata":{"constrainVertical":true},"min":[0.3209909232629601,0,-0.11253794126266073],"max":[0.38397600146995503,0.0500280000269413,-0.05021935896774893]},"baseIds":[2]},{"pid":21,"label":"wheel","name":"wheel 5","obb":{"centroid":[0.21780168352934595,0.02501400001347065,0.33192086068789745],"axesLengths":[0.05014995646793324,0.0500280000269413,0.049261764244868396],"normalizedAxes":[0.5868027439209885,0,0.8097299177669051,0,1,0,-0.8097299177669051,0,0.5868027439209885],"metadata":{"constrainVertical":true},"min":[0.1831432553423703,0,0.2971634314098619],"max":[0.2524601117163216,0.0500280000269413,0.366678289965933]},"baseIds":[1]}],"connectivityGraph":[[],[2,3,4,5,9,10,11,17],[1,16],[1,15],[1,12],[1,13],[10],[9],[11],[7,1],[6,1],[8,1],[4],[5],[17],[3],[2],[14,1]],"articulations":[{"pid":2,"type":"Central Rotation","axis":[0,1,0],"origin":[0.2077847160380601,0.0572095001116395,0.3181682594912236],"rangeMin":-3.141592653589793,"rangeMax":3.141592653589793,"base":[1],"value":0},{"pid":3,"type":"Central Rotation","axis":[0,1,0],"origin":[0.3315747126823876,0.0572095001116395,-0.07460228560211773],"rangeMin":-3.141592653589793,"rangeMax":3.141592653589793,"base":[1],"value":0},{"pid":4,"type":"Central Rotation","axis":[0,1,0],"origin":[0.00002800021320581436,0.0572095001116395,-0.3157610832890625],"rangeMin":-3.141592653589793,"rangeMax":3.141592653589793,"base":[1],"value":0},{"pid":5,"type":"Central Rotation","axis":[0,1,0],"origin":[-0.33442873623509917,0.0572095001116395,-0.0756037607181542],"rangeMin":-3.141592653589793,"rangeMax":3.141592653589793,"base":[1],"value":0},{"pid":6,"type":"Translation","axis":[-0.000014074544721876654,0,-0.9999999999009537],"origin":[0.2549120349442828,0.692317008972168,0.04525199532444149],"rangeMin":-0.0548211544445808,"rangeMax":0.0531788455554192,"base":[10],"value":0},{"pid":7,"type":"Translation","axis":[0,0,1],"origin":[-0.2631780058145523,0.692317008972168,0.0452519953250885],"rangeMin":-0.0548211544445808,"rangeMax":0.0531788455554192,"base":[9],"value":0},{"pid":8,"type":"Translation","axis":[0,1,0],"origin":[-0.004133507609367371,0.42576949298381805,0.048762500286102295],"rangeMin":-0.025691509246826172,"rangeMax":0.025691509246826172,"base":[11],"value":0},{"pid":9,"type":"Translation","axis":[0,1,0],"origin":[-0.1799592551584029,0.5392480045557022,0.04528318592656842],"rangeMin":-0.0148944860696793,"rangeMax":0.0261055139303207,"base":[1],"value":0},{"pid":10,"type":"Translation","axis":[0,1,0],"origin":[0.17169325321862933,0.5392480045557022,0.04528318592656843],"rangeMin":-0.0148944860696793,"rangeMax":0.0261055139303207,"base":[1],"value":0},{"pid":11,"type":"Central Rotation","axis":[0,1,0],"origin":[-0.000012000227276042028,0.2625114992260933,0.032819999860909575],"rangeMin":-3.141592653589793,"rangeMax":3.141592653589793,"base":[1],"value":0},{"pid":12,"type":"Central Rotation","axis":[-1,0,0],"origin":[0.00002800021320581436,0.02501400001347065,-0.33685900270938873],"rangeMin":-3.141592653589793,"rangeMax":3.141592653589793,"base":[4],"value":0},{"pid":13,"type":"Central Rotation","axis":[-0.30972649187843737,0,0.9508256939253779],"origin":[-0.35248344996652886,0.02501400001347065,-0.08145518702200931],"rangeMin":-3.141592653589793,"rangeMax":3.141592653589793,"base":[5],"value":0},{"pid":14,"type":"Central Rotation","axis":[-0.8097299177669051,0,-0.5868027439209885],"origin":[-0.21789173305045575,0.02501400001347065,0.33187382872199733],"rangeMin":-3.141592653589793,"rangeMax":3.141592653589793,"base":[17],"value":0},{"pid":15,"type":"Central Rotation","axis":[0.3097342448150943,0,0.9508231684118889],"origin":[0.35248346236645756,0.02501400001347065,-0.08137865011520483],"rangeMin":-3.141592653589793,"rangeMax":3.141592653589793,"base":[3],"value":0},{"pid":16,"type":"Central Rotation","axis":[-0.8097299177669051,0,0.5868027439209885],"origin":[0.21780168352934595,0.02501400001347065,0.33192086068789745],"rangeMin":-3.141592653589793,"rangeMax":3.141592653589793,"base":[2],"value":0},{"pid":17,"type":"Central Rotation","axis":[0,1,0],"origin":[-0.20558156934308197,0.0572095001116395,0.31497302763446827],"rangeMin":-3.141592653589793,"rangeMax":3.141592653589793,"base":[1],"value":0}]}