{"version":"articulated-parts@0.0.1","modelId":"p5d.677","metadata":{"connectivity":{"minDist":0.001,"maxDist":0.05,"minConnDist":0.001,"maxConnDist":0.05,"maxConnRelDist":0,"partsAnnId":25902,"condensed":true}},"parts":[null,{"pid":1,"label":"static","name":"static","obb":{"centroid":[-0.017231162586326454,0.1066713985055685,-0.01876610617039348],"axesLengths":[0.5489927818238586,0.08850519731640816,0.5262906335123974],"normalizedAxes":[-0.7365927900093784,0,0.6763365003503801,0,1,0,-0.6763365003503802,0,-0.7365927900093785],"metadata":{"constrainVertical":true},"min":[-0.3973980076341291,0.062418799847364426,-0.39824897760592765],"max":[0.3629356824614762,0.15092399716377258,0.3607167652651407]},"sourcePartIds":[1]},{"pid":2,"label":"wheel","name":"wheel 1","obb":{"centroid":[0.027663150588627266,0.028591479753231397,0.2406275030271069],"axesLengths":[0.0542701158873145,0.05706343870406272,0.04619188570602804],"normalizedAxes":[0.11421909812157696,0,0.9934555841225584,0,1,0,-0.9934555841225584,0,0.11421909812157696],"min":[0.0016190153449237334,0.00005976040120003745,0.21103203042455265],"max":[0.053707285832330795,0.057123199105262756,0.27022297562966113]},"baseIds":[12],"sourcePartIds":[1],"articulationIds":[0]},{"pid":3,"label":"wheel","name":"wheel 2","obb":{"centroid":[-0.22030192459882125,0.02859147645176563,0.10066716623565913],"axesLengths":[0.05427045206332896,0.057063445306994254,0.04619205391356981],"normalizedAxes":[0.9095450324248265,0,-0.4156053825341069,0,1,0,0.4156053825341069,0,0.9095450324248265],"min":[-0.25458146775803914,0.00005975379826850258,0.06838274365332617],"max":[-0.18602238143960337,0.057123199105262756,0.1329515888179921]},"baseIds":[11],"sourcePartIds":[2],"articulationIds":[1]},{"pid":4,"label":"wheel","name":"wheel 3","obb":{"centroid":[-0.16381675467979262,0.028591470401806873,-0.17841172702578784],"axesLengths":[0.0542709666333428,0.057063457406911766,0.046191936861318776],"normalizedAxes":[0.6763594098805485,0,0.7365717539154187,0,1,0,-0.7365717539154187,0,0.6763594098805485],"min":[-0.19918193213802587,0.00005974169835099019,-0.21402013314407164],"max":[-0.12845157722155937,0.057123199105262756,-0.14280332090750403]},"baseIds":[15],"sourcePartIds":[3],"articulationIds":[2]},{"pid":5,"label":"wheel","name":"wheel 4","obb":{"centroid":[0.11905785305228711,0.028591469752427656,-0.21093176676803724],"axesLengths":[0.05427066786874002,0.0570634587056702,0.04619195408139679],"normalizedAxes":[0.4915513116844481,0,-0.8708486136989014,0,1,0,0.8708486136989017,0,0.4915513116844482],"min":[0.08560634447593815,0.00005974039959255606,-0.2459153925160293],"max":[0.15250936162863607,0.057123199105262756,-0.17594814102004516]},"baseIds":[14],"sourcePartIds":[4],"articulationIds":[3]},{"pid":6,"label":"wheel","name":"wheel 5","obb":{"centroid":[0.23739850473662313,0.028591475253051613,0.048049303252305026],"axesLengths":[0.05427059683417885,0.05706344770442229,0.046191947352170276],"normalizedAxes":[0.9801275736883328,0,0.19836819123998164,0,1,0,-0.19836819123998164,0,0.9801275736883328],"min":[0.20622094401472119,0.000059751400840468705,0.020029522545438928],"max":[0.2685760654585251,0.057123199105262756,0.07606908395917113]},"baseIds":[13],"sourcePartIds":[5],"articulationIds":[4]},{"pid":7,"label":"arm","name":"arm 1","obb":{"centroid":[0.27332436774316154,0.506775513291359,-0.021266938438699357],"axesLengths":[0.36323247857085783,0.33527299761772156,0.052829136875301344],"normalizedAxes":[-0.000012226616503777492,0,-0.9999999999252549,0,1,0,0.9999999999252549,0,-0.000012226616503777492],"min":[0.24690757875537664,0.33913901448249817,-0.20288350067135177],"max":[0.2997411567309465,0.6744120121002197,0.16034962379395304]},"baseIds":[16],"sourcePartIds":[8],"articulationIds":[5]},{"pid":8,"label":"arm","name":"arm 2","obb":{"centroid":[-0.27332436774316154,0.506775513291359,-0.021266938438699385],"axesLengths":[0.3632324785708578,0.33527299761772156,0.052829136875301344],"normalizedAxes":[-0.000012226616503777492,0,0.9999999999252549,0,1,0,-0.9999999999252549,0,-0.000012226616503777492],"min":[-0.2997411567309465,0.33913901448249817,-0.20288350067135177],"max":[-0.24690757875537664,0.6744120121002197,0.16034962379395298]},"baseIds":[16],"sourcePartIds":[9],"articulationIds":[6]},{"pid":9,"label":"backrest","name":"backrest 1","obb":{"centroid":[-0.0024764371638212558,0.651056545303496,-0.18757938885565797],"axesLengths":[0.47426454679132646,0.4675616328527389,0.10771672296929082],"normalizedAxes":[-0.9992872159798438,0.037032712070243216,-0.007323811574273647,0.0377338424457385,0.9742120816018194,-0.22245668611064512,-0.001103228685803366,-0.2225744780916545,-0.9749150653204076],"min":[-0.2483205530475737,0.4025353015926494,-0.2938295346474914],"max":[0.24336767871993117,0.8995777890143426,-0.08132924306382458]},"baseIds":[10],"sourcePartIds":[10],"articulationIds":[7]},{"pid":10,"label":"seat","name":"seat 1","obb":{"centroid":[0.0030495133031292745,0.4198042377063425,0.07954570881952154],"axesLengths":[0.45422168788178574,0.43188635343822124,0.09100604274326496],"normalizedAxes":[-0.9994951524189024,-0.0010029358351365258,-0.03175585632329938,-0.031705946602220675,-0.03278006065504939,0.9989595590280468,-0.0020428512360321956,0.9994620861959508,0.032731712690685144],"metadata":{"constrainVertical":false},"min":[-0.2308863130111813,0.36701928500319886,-0.1448742829226614],"max":[0.23698533961743984,0.47258919040948616,0.30396570056170447]},"baseIds":[16],"childIds":[9],"sourcePartIds":[10],"articulationIds":[8]},{"pid":11,"label":"caster","name":"caster 1","obb":{"centroid":[-0.22672291657796179,0.05018809996545315,0.10360149874936771],"axesLengths":[0.07272457724714766,0.024834800511598587,0.040656550689068476],"normalizedAxes":[-0.9095473457162205,0,0.41560031989951346,0,1,0,-0.41560031989951357,0,-0.9095473457162208],"metadata":{"constrainVertical":true},"min":[-0.2682445774158943,0.037770699709653854,0.06999979108252238],"max":[-0.18520125574002927,0.06260550022125244,0.13720320641621303]},"baseIds":[1],"childIds":[3],"sourcePartIds":[11],"articulationIds":[9]},{"pid":12,"label":"caster","name":"caster 2","obb":{"centroid":[0.028469488594168143,0.05018809996545315,0.24764073947692455],"axesLengths":[0.0727243569472045,0.024834800511598587,0.040656385292700326],"normalizedAxes":[0.11420554762594351,0,0.9934571419499979,0,1,0,-0.9934571419499981,0,0.11420554762594354],"metadata":{"constrainVertical":true},"min":[0.0041215379212661,0.037770699709653854,0.20919488120204183],"max":[0.052817439267070186,0.06260550022125244,0.2860865977518073]},"baseIds":[1],"childIds":[2],"sourcePartIds":[12],"articulationIds":[10]},{"pid":13,"label":"caster","name":"caster 3","obb":{"centroid":[0.24431828963640798,0.05018809996545315,0.04944960028321506],"axesLengths":[0.07272484230872522,0.024834800511598587,0.04065655526329119],"normalizedAxes":[0.9801240740269795,0,0.19838548211186174,0,1,0,-0.1983854821118618,0,0.9801240740269798],"metadata":{"constrainVertical":true},"min":[0.2046457701146515,0.037770699709653854,0.02231158954147227],"max":[0.2839908091581645,0.06260550022125244,0.07658761102495784]},"baseIds":[1],"childIds":[6],"sourcePartIds":[13],"articulationIds":[11]},{"pid":14,"label":"caster","name":"caster 4","obb":{"centroid":[0.12252772419614041,0.05018809996545315,-0.21707947155364787],"axesLengths":[0.07272476220840837,0.024834800511598587,0.040655562171784204],"normalizedAxes":[0.4915456959497478,0,-0.8708517834817117,0,1,0,0.8708517834817119,0,0.4915456959497479],"metadata":{"constrainVertical":true},"min":[0.08695146785700947,0.037770699709653854,-0.25873774929086474],"max":[0.15810398053527136,0.06260550022125244,-0.175421193816431]},"baseIds":[1],"childIds":[5],"sourcePartIds":[14],"articulationIds":[12]},{"pid":15,"label":"caster","name":"caster 5","obb":{"centroid":[-0.16859175064973114,0.05018809996545315,-0.18361175274259714],"axesLengths":[0.07272480328213596,0.024834800511598587,0.04065596301605022],"normalizedAxes":[-0.6763355491289741,0,-0.736593663415868,0,1,0,0.7365936634158681,0,-0.6763355491289742],"metadata":{"constrainVertical":true},"min":[-0.2081583979001374,0.037770699709653854,-0.22414460391390437],"max":[-0.12902510339932488,0.06260550022125244,-0.1430789015712899]},"baseIds":[1],"childIds":[4],"sourcePartIds":[15],"articulationIds":[13]},{"pid":16,"label":"gas lift piece","name":"gas lift piece 2","obb":{"centroid":[-0.0007394999265670776,0.29860149323940277,-0.03680350072681904],"axesLengths":[0.5781950056552887,0.2953549921512604,0.14708900079131126],"normalizedAxes":[1,0,0,0,1,0,0,0,1],"metadata":{"constrainVertical":true},"min":[-0.2898370027542114,0.15092399716377258,-0.11034800112247467],"max":[0.28835800290107727,0.44627898931503296,0.036740999668836594]},"baseIds":[1],"childIds":[7,8,10],"sourcePartIds":[18,7,19,12],"articulationIds":[14]}],"sourceParts":[null,{"pid":1,"label":"wheel","name":"wheel 1","obb":{"centroid":[0.027663150588627266,0.028591479753231397,0.2406275030271069],"axesLengths":[0.0542701158873145,0.05706343870406272,0.04619188570602804],"normalizedAxes":[0.11421909812157696,0,0.9934555841225584,0,1,0,-0.9934555841225584,0,0.11421909812157696],"metadata":{"constrainVertical":true},"min":[0.0016190153449237334,0.00005976040120003745,0.21103203042455265],"max":[0.053707285832330795,0.057123199105262756,0.27022297562966113]},"baseIds":[14]},{"pid":2,"label":"wheel","name":"wheel 2","obb":{"centroid":[-0.22030192459882125,0.02859147645176563,0.10066716623565913],"axesLengths":[0.05427045206332896,0.057063445306994254,0.04619205391356981],"normalizedAxes":[0.9095450324248265,0,-0.4156053825341069,0,1,0,0.4156053825341069,0,0.9095450324248265],"metadata":{"constrainVertical":true},"min":[-0.25458146775803914,0.00005975379826850258,0.06838274365332617],"max":[-0.18602238143960337,0.057123199105262756,0.1329515888179921]},"baseIds":[13]},{"pid":3,"label":"wheel","name":"wheel 3","obb":{"centroid":[-0.16381675467979262,0.028591470401806873,-0.17841172702578784],"axesLengths":[0.0542709666333428,0.057063457406911766,0.046191936861318776],"normalizedAxes":[0.6763594098805485,0,0.7365717539154187,0,1,0,-0.7365717539154187,0,0.6763594098805485],"metadata":{"constrainVertical":true},"min":[-0.19918193213802587,0.00005974169835099019,-0.21402013314407164],"max":[-0.12845157722155937,0.057123199105262756,-0.14280332090750403]},"baseIds":[17]},{"pid":4,"label":"wheel","name":"wheel 4","obb":{"centroid":[0.11905785305228711,0.028591469752427656,-0.21093176676803724],"axesLengths":[0.05427066786874002,0.0570634587056702,0.04619195408139679],"normalizedAxes":[0.4915513116844481,0,-0.8708486136989014,0,1,0,0.8708486136989017,0,0.4915513116844482],"metadata":{"constrainVertical":true},"min":[0.08560634447593815,0.00005974039959255606,-0.2459153925160293],"max":[0.15250936162863607,0.057123199105262756,-0.17594814102004516]},"baseIds":[16]},{"pid":5,"label":"wheel","name":"wheel 5","obb":{"centroid":[0.23739850473662313,0.028591475253051613,0.048049303252305026],"axesLengths":[0.05427059683417885,0.05706344770442229,0.046191947352170276],"normalizedAxes":[0.9801275736883328,0,0.19836819123998164,0,1,0,-0.19836819123998164,0,0.9801275736883328],"metadata":{"constrainVertical":true},"min":[0.20622094401472119,0.000059751400840468705,0.020029522545438928],"max":[0.2685760654585251,0.057123199105262756,0.07606908395917113]},"baseIds":[15]},null,{"pid":7,"label":"gas lift piece","name":"gas lift piece 1","obb":{"centroid":[0,0.2957475036382675,-5.029141902923584e-8],"axesLengths":[0.025927136386343422,0.06659701466560364,0.024658203365823705],"normalizedAxes":[-0.5877887579530673,0,0.8090144473518321,0,1,0,-0.8090144473518324,0,-0.5877887579530674],"metadata":{"constrainVertical":true},"min":[-0.017594261031249767,0.2624489963054657,-0.01773467161380146],"max":[0.017594261031249767,0.32904601097106934,0.017734571030963403]}},{"pid":8,"label":"arm","name":"arm 1","obb":{"centroid":[0.27332436774316154,0.506775513291359,-0.021266938438699357],"axesLengths":[0.36323247857085783,0.33527299761772156,0.052829136875301344],"normalizedAxes":[-0.000012226616503777492,0,-0.9999999999252549,0,1,0,0.9999999999252549,0,-0.000012226616503777492],"metadata":{"constrainVertical":true},"min":[0.24690757875537664,0.33913901448249817,-0.20288350067135177],"max":[0.2997411567309465,0.6744120121002197,0.16034962379395304]},"baseIds":[12]},{"pid":9,"label":"arm","name":"arm 2","obb":{"centroid":[-0.27332436774316154,0.506775513291359,-0.021266938438699385],"axesLengths":[0.3632324785708578,0.33527299761772156,0.052829136875301344],"normalizedAxes":[-0.000012226616503777492,0,0.9999999999252549,0,1,0,-0.9999999999252549,0,-0.000012226616503777492],"metadata":{"constrainVertical":true},"min":[-0.2997411567309465,0.33913901448249817,-0.20288350067135177],"max":[-0.24690757875537664,0.6744120121002197,0.16034962379395298]},"baseIds":[12]},{"pid":10,"label":"backrest","name":"backrest 1","obb":{"centroid":[-0.0024764371638212558,0.651056545303496,-0.18757938885565797],"axesLengths":[0.47426454679132646,0.4675616328527389,0.10771672296929082],"normalizedAxes":[-0.9992872159798438,0.037032712070243216,-0.007323811574273647,0.0377338424457385,0.9742120816018194,-0.22245668611064512,-0.001103228685803366,-0.2225744780916545,-0.9749150653204076],"metadata":{"constrainVertical":false},"min":[-0.2483205530475737,0.4025353015926494,-0.2938295346474914],"max":[0.24336767871993117,0.8995777890143426,-0.08132924306382458]},"baseIds":[11]},{"pid":11,"label":"seat","name":"seat 1","obb":{"centroid":[0.0030495133031292745,0.4198042377063425,0.07954570881952154],"axesLengths":[0.45422168788178574,0.43188635343822124,0.09100604274326496],"normalizedAxes":[-0.9994951524189024,-0.0010029358351365258,-0.03175585632329938,-0.031705946602220675,-0.03278006065504939,0.9989595590280468,-0.0020428512360321956,0.9994620861959508,0.032731712690685144],"metadata":{"constrainVertical":false},"min":[-0.2308863130111813,0.36701928500319886,-0.1448742829226614],"max":[0.23698533961743984,0.47258919040948616,0.30396570056170447]},"baseIds":[19],"childIds":[10]},{"pid":12,"label":"support beam","name":"support beam 1","obb":{"centroid":[-0.0007394999265670776,0.3963309973478317,-0.06039995048195124],"axesLengths":[0.5781950056552887,0.09989598393440247,0.09989610128104687],"normalizedAxes":[1,0,0,0,1,0,0,0,1],"metadata":{"constrainVertical":true},"min":[-0.2898370027542114,0.3463830053806305,-0.11034800112247467],"max":[0.28835800290107727,0.44627898931503296,-0.010451899841427803]}},{"pid":13,"label":"caster","name":"caster 1","obb":{"centroid":[-0.22672291657796179,0.05018809996545315,0.10360149874936771],"axesLengths":[0.07272457724714766,0.024834800511598587,0.040656550689068476],"normalizedAxes":[-0.9095473457162205,0,0.41560031989951346,0,1,0,-0.41560031989951357,0,-0.9095473457162208],"metadata":{"constrainVertical":true},"min":[-0.2682445774158943,0.037770699709653854,0.06999979108252238],"max":[-0.18520125574002927,0.06260550022125244,0.13720320641621303]},"baseIds":[6],"childIds":[2]},{"pid":14,"label":"caster","name":"caster 2","obb":{"centroid":[0.028469488594168143,0.05018809996545315,0.24764073947692455],"axesLengths":[0.0727243569472045,0.024834800511598587,0.040656385292700326],"normalizedAxes":[0.11420554762594351,0,0.9934571419499979,0,1,0,-0.9934571419499981,0,0.11420554762594354],"metadata":{"constrainVertical":true},"min":[0.0041215379212661,0.037770699709653854,0.20919488120204183],"max":[0.052817439267070186,0.06260550022125244,0.2860865977518073]},"baseIds":[6],"childIds":[1]},{"pid":15,"label":"caster","name":"caster 3","obb":{"centroid":[0.24431828963640798,0.05018809996545315,0.04944960028321506],"axesLengths":[0.07272484230872522,0.024834800511598587,0.04065655526329119],"normalizedAxes":[0.9801240740269795,0,0.19838548211186174,0,1,0,-0.1983854821118618,0,0.9801240740269798],"metadata":{"constrainVertical":true},"min":[0.2046457701146515,0.037770699709653854,0.02231158954147227],"max":[0.2839908091581645,0.06260550022125244,0.07658761102495784]},"baseIds":[6],"childIds":[5]},null,null,{"pid":18,"label":"gas lift piece","name":"gas lift piece 2","obb":{"centroid":[0,0.20668649673461914,0],"axesLengths":[0.03642740100622177,0.11152499914169312,0.03464439883828163],"normalizedAxes":[0,0,1,0,1,0,-1,0,0],"metadata":{"constrainVertical":true},"min":[-0.017322199419140816,0.15092399716377258,-0.018213700503110886],"max":[0.017322199419140816,0.2624489963054657,0.018213700503110886]},"baseIds":[6],"childIds":[7,19,11,12,8,9]},{"pid":19,"label":"gas lift piece","name":"gas lift piece 3","obb":{"centroid":[0,0.36207300424575806,-0.0013729501515626907],"axesLengths":[0.07622789964079857,0.0683479905128479,0.0733041986823082],"normalizedAxes":[0,0,1,0,1,0,-1,0,0],"metadata":{"constrainVertical":true},"min":[-0.0366520993411541,0.3278990089893341,-0.039486899971961975],"max":[0.0366520993411541,0.396246999502182,0.036740999668836594]}}],"connectivityGraph":[[],[11,12,13,14,15,16],[12],[11],[15],[14],[13],[16],[16],[10],[9,16],[3,1],[2,1],[6,1],[5,1],[4,1],[7,8,10,1]],"articulations":[{"pid":2,"type":"Central Rotation","axis":[-0.9934555841225584,0,0.11421909812157696],"origin":[0.027663150588627266,0.028591479753231397,0.2406275030271069],"rangeMin":-3.141592653589793,"rangeMax":3.141592653589793,"base":[12],"value":0},{"pid":3,"type":"Central Rotation","axis":[0.4156053825341069,0,0.9095450324248265],"origin":[-0.22030192459882125,0.02859147645176563,0.10066716623565913],"rangeMin":-3.141592653589793,"rangeMax":3.141592653589793,"base":[11],"value":0},{"pid":4,"type":"Central Rotation","axis":[-0.7365717539154187,0,0.6763594098805485],"origin":[-0.16381675467979262,0.028591470401806873,-0.17841172702578784],"rangeMin":-3.141592653589793,"rangeMax":3.141592653589793,"base":[15],"value":0},{"pid":5,"type":"Central Rotation","axis":[0.8708486136989014,0,0.4915513116844481],"origin":[0.11905785305228711,0.028591469752427656,-0.21093176676803724],"rangeMin":-3.141592653589793,"rangeMax":3.141592653589793,"base":[14],"value":0},{"pid":6,"type":"Central Rotation","axis":[-0.19836819123998164,0,0.9801275736883328],"origin":[0.23739850473662313,0.028591475253051613,0.048049303252305026],"rangeMin":-3.141592653589793,"rangeMax":3.141592653589793,"base":[13],"value":0},{"pid":7,"type":"Central Rotation","axis":[0.9999999999252549,0,-0.000012226616503777492],"origin":[0.26749473241944555,0.3885025156736371,-0.062034388594173276],"rangeMin":0,"rangeMax":0.45553093477052,"base":[16],"value":0},{"pid":8,"type":"Central Rotation","axis":[-0.9999999999252549,0,-0.000012226616503777492],"origin":[-0.27090938829282535,0.40313901448249795,-0.05488314819961332],"rangeMin":-0.45553093477052,"rangeMax":0,"base":[16],"value":0},{"pid":9,"type":"Hinge Rotation","axis":[1,0,0],"origin":[0.0158500068187714,0.4220700063705444,-0.12497900444269182],"rangeMin":-0.21991148575128555,"rangeMax":0.3612831551628262,"base":[10],"value":0},{"pid":10,"type":"Translation","axis":[0,1,0],"origin":[0,0.41506899893283844,0.07989000529050827],"rangeMin":-0.03417399525642395,"rangeMax":0.03417399525642395,"base":[16],"value":0},{"pid":11,"type":"Central Rotation","axis":[0,1,0],"origin":[-0.22672291657796179,0.05018809996545315,0.10360149874936771],"rangeMin":-3.141592653589793,"rangeMax":3.141592653589793,"base":[1],"value":0},{"pid":12,"type":"Central Rotation","axis":[0,1,0],"origin":[0.028469488594168143,0.05018809996545315,0.24764073947692455],"rangeMin":-3.141592653589793,"rangeMax":3.141592653589793,"base":[1],"value":0},{"pid":13,"type":"Central Rotation","axis":[0,1,0],"origin":[0.24431828963640798,0.05018809996545315,0.04944960028321506],"rangeMin":-3.141592653589793,"rangeMax":3.141592653589793,"base":[1],"value":0},{"pid":14,"type":"Central Rotation","axis":[0,1,0],"origin":[0.12252772419614041,0.05018809996545315,-0.21707947155364787],"rangeMin":-3.141592653589793,"rangeMax":3.141592653589793,"base":[1],"value":0},{"pid":15,"type":"Central Rotation","axis":[0,1,0],"origin":[-0.16859175064973114,0.05018809996545315,-0.18361175274259714],"rangeMin":-3.141592653589793,"rangeMax":3.141592653589793,"base":[1],"value":0},{"pid":16,"type":"Central Rotation","axis":[0,1,0],"origin":[0,0.20668649673461914,0],"rangeMin":-3.141592653589793,"rangeMax":3.141592653589793,"base":[1],"value":0}]}