{"version":"0.0.1","id":"p5d.677","annId":25902,"metadata":{"minDist":0.001,"maxDist":0.05,"minConnDist":0.001,"maxConnDist":0.05,"maxConnRelDist":0},"parts":[null,{"pid":1,"name":"wheel 1","label":"wheel","obb":{"centroid":[0.027663150588627266,0.028591479753231397,0.2406275030271069],"axesLengths":[0.0542701158873145,0.05706343870406272,0.04619188570602804],"normalizedAxes":[0.11421909812157696,0,0.9934555841225584,0,1,0,-0.9934555841225584,0,0.11421909812157696],"metadata":{"constrainVertical":true},"min":[0.0016190153449237334,0.00005976040120003745,0.21103203042455265],"max":[0.053707285832330795,0.057123199105262756,0.27022297562966113]}},{"pid":2,"name":"wheel 2","label":"wheel","obb":{"centroid":[-0.22030192459882125,0.02859147645176563,0.10066716623565913],"axesLengths":[0.05427045206332896,0.057063445306994254,0.04619205391356981],"normalizedAxes":[0.9095450324248265,0,-0.4156053825341069,0,1,0,0.4156053825341069,0,0.9095450324248265],"metadata":{"constrainVertical":true},"min":[-0.25458146775803914,0.00005975379826850258,0.06838274365332617],"max":[-0.18602238143960337,0.057123199105262756,0.1329515888179921]}},{"pid":3,"name":"wheel 3","label":"wheel","obb":{"centroid":[-0.16381675467979262,0.028591470401806873,-0.17841172702578784],"axesLengths":[0.0542709666333428,0.057063457406911766,0.046191936861318776],"normalizedAxes":[0.6763594098805485,0,0.7365717539154187,0,1,0,-0.7365717539154187,0,0.6763594098805485],"metadata":{"constrainVertical":true},"min":[-0.19918193213802587,0.00005974169835099019,-0.21402013314407164],"max":[-0.12845157722155937,0.057123199105262756,-0.14280332090750403]}},{"pid":4,"name":"wheel 4","label":"wheel","obb":{"centroid":[0.11905785305228711,0.028591469752427656,-0.21093176676803724],"axesLengths":[0.05427066786874002,0.0570634587056702,0.04619195408139679],"normalizedAxes":[0.4915513116844481,0,-0.8708486136989014,0,1,0,0.8708486136989017,0,0.4915513116844482],"metadata":{"constrainVertical":true},"min":[0.08560634447593815,0.00005974039959255606,-0.2459153925160293],"max":[0.15250936162863607,0.057123199105262756,-0.17594814102004516]}},{"pid":5,"name":"wheel 5","label":"wheel","obb":{"centroid":[0.23739850473662313,0.028591475253051613,0.048049303252305026],"axesLengths":[0.05427059683417885,0.05706344770442229,0.046191947352170276],"normalizedAxes":[0.9801275736883328,0,0.19836819123998164,0,1,0,-0.19836819123998164,0,0.9801275736883328],"metadata":{"constrainVertical":true},"min":[0.20622094401472119,0.000059751400840468705,0.020029522545438928],"max":[0.2685760654585251,0.057123199105262756,0.07606908395917113]}},{"pid":6,"name":"base 1","label":"base","obb":{"centroid":[-0.017231162586326454,0.1066713985055685,-0.01876610617039348],"axesLengths":[0.5489927818238586,0.08850519731640816,0.5262906335123974],"normalizedAxes":[-0.7365927900093784,0,0.6763365003503801,0,1,0,-0.6763365003503802,0,-0.7365927900093785],"metadata":{"constrainVertical":true},"min":[-0.3973980076341291,0.062418799847364426,-0.39824897760592765],"max":[0.3629356824614762,0.15092399716377258,0.3607167652651407]}},{"pid":7,"name":"gas lift piece 1","label":"gas lift piece","obb":{"centroid":[0,0.2957475036382675,-5.029141902923584e-8],"axesLengths":[0.025927136386343422,0.06659701466560364,0.024658203365823705],"normalizedAxes":[-0.5877887579530673,0,0.8090144473518321,0,1,0,-0.8090144473518324,0,-0.5877887579530674],"metadata":{"constrainVertical":true},"min":[-0.017594261031249767,0.2624489963054657,-0.01773467161380146],"max":[0.017594261031249767,0.32904601097106934,0.017734571030963403]}},{"pid":8,"name":"arm 1","label":"arm","obb":{"centroid":[0.27332436774316154,0.506775513291359,-0.021266938438699357],"axesLengths":[0.36323247857085783,0.33527299761772156,0.052829136875301344],"normalizedAxes":[-0.000012226616503777492,0,-0.9999999999252549,0,1,0,0.9999999999252549,0,-0.000012226616503777492],"metadata":{"constrainVertical":true},"min":[0.24690757875537664,0.33913901448249817,-0.20288350067135177],"max":[0.2997411567309465,0.6744120121002197,0.16034962379395304]}},{"pid":9,"name":"arm 2","label":"arm","obb":{"centroid":[-0.27332436774316154,0.506775513291359,-0.021266938438699385],"axesLengths":[0.3632324785708578,0.33527299761772156,0.052829136875301344],"normalizedAxes":[-0.000012226616503777492,0,0.9999999999252549,0,1,0,-0.9999999999252549,0,-0.000012226616503777492],"metadata":{"constrainVertical":true},"min":[-0.2997411567309465,0.33913901448249817,-0.20288350067135177],"max":[-0.24690757875537664,0.6744120121002197,0.16034962379395298]}},{"pid":10,"name":"backrest 1","label":"backrest","obb":{"centroid":[-0.0024764371638212558,0.651056545303496,-0.18757938885565797],"axesLengths":[0.47426454679132646,0.4675616328527389,0.10771672296929082],"normalizedAxes":[-0.9992872159798438,0.037032712070243216,-0.007323811574273647,0.0377338424457385,0.9742120816018194,-0.22245668611064512,-0.001103228685803366,-0.2225744780916545,-0.9749150653204076],"metadata":{"constrainVertical":false},"min":[-0.2483205530475737,0.4025353015926494,-0.2938295346474914],"max":[0.24336767871993117,0.8995777890143426,-0.08132924306382458]}},{"pid":11,"name":"seat 1","label":"seat","obb":{"centroid":[0.0030495133031292745,0.4198042377063425,0.07954570881952154],"axesLengths":[0.45422168788178574,0.43188635343822124,0.09100604274326496],"normalizedAxes":[-0.9994951524189024,-0.0010029358351365258,-0.03175585632329938,-0.031705946602220675,-0.03278006065504939,0.9989595590280468,-0.0020428512360321956,0.9994620861959508,0.032731712690685144],"metadata":{"constrainVertical":false},"min":[-0.2308863130111813,0.36701928500319886,-0.1448742829226614],"max":[0.23698533961743984,0.47258919040948616,0.30396570056170447]}},{"pid":12,"name":"support beam 1","label":"support beam","obb":{"centroid":[-0.0007394999265670776,0.3963309973478317,-0.06039995048195124],"axesLengths":[0.5781950056552887,0.09989598393440247,0.09989610128104687],"normalizedAxes":[1,0,0,0,1,0,0,0,1],"metadata":{"constrainVertical":true},"min":[-0.2898370027542114,0.3463830053806305,-0.11034800112247467],"max":[0.28835800290107727,0.44627898931503296,-0.010451899841427803]}},{"pid":13,"name":"caster 1","label":"caster","obb":{"centroid":[-0.22672291657796179,0.05018809996545315,0.10360149874936771],"axesLengths":[0.07272457724714766,0.024834800511598587,0.040656550689068476],"normalizedAxes":[-0.9095473457162205,0,0.41560031989951346,0,1,0,-0.41560031989951357,0,-0.9095473457162208],"metadata":{"constrainVertical":true},"min":[-0.2682445774158943,0.037770699709653854,0.06999979108252238],"max":[-0.18520125574002927,0.06260550022125244,0.13720320641621303]}},{"pid":14,"name":"caster 2","label":"caster","obb":{"centroid":[0.028469488594168143,0.05018809996545315,0.24764073947692455],"axesLengths":[0.0727243569472045,0.024834800511598587,0.040656385292700326],"normalizedAxes":[0.11420554762594351,0,0.9934571419499979,0,1,0,-0.9934571419499981,0,0.11420554762594354],"metadata":{"constrainVertical":true},"min":[0.0041215379212661,0.037770699709653854,0.20919488120204183],"max":[0.052817439267070186,0.06260550022125244,0.2860865977518073]}},{"pid":15,"name":"caster 3","label":"caster","obb":{"centroid":[0.24431828963640798,0.05018809996545315,0.04944960028321506],"axesLengths":[0.07272484230872522,0.024834800511598587,0.04065655526329119],"normalizedAxes":[0.9801240740269795,0,0.19838548211186174,0,1,0,-0.1983854821118618,0,0.9801240740269798],"metadata":{"constrainVertical":true},"min":[0.2046457701146515,0.037770699709653854,0.02231158954147227],"max":[0.2839908091581645,0.06260550022125244,0.07658761102495784]}},{"pid":16,"name":"caster 4","label":"caster","obb":{"centroid":[0.12252772419614041,0.05018809996545315,-0.21707947155364787],"axesLengths":[0.07272476220840837,0.024834800511598587,0.040655562171784204],"normalizedAxes":[0.4915456959497478,0,-0.8708517834817117,0,1,0,0.8708517834817119,0,0.4915456959497479],"metadata":{"constrainVertical":true},"min":[0.08695146785700947,0.037770699709653854,-0.25873774929086474],"max":[0.15810398053527136,0.06260550022125244,-0.175421193816431]}},{"pid":17,"name":"caster 5","label":"caster","obb":{"centroid":[-0.16859175064973114,0.05018809996545315,-0.18361175274259714],"axesLengths":[0.07272480328213596,0.024834800511598587,0.04065596301605022],"normalizedAxes":[-0.6763355491289741,0,-0.736593663415868,0,1,0,0.7365936634158681,0,-0.6763355491289742],"metadata":{"constrainVertical":true},"min":[-0.2081583979001374,0.037770699709653854,-0.22414460391390437],"max":[-0.12902510339932488,0.06260550022125244,-0.1430789015712899]}},{"pid":18,"name":"gas lift piece 2","label":"gas lift piece","obb":{"centroid":[0,0.20668649673461914,0],"axesLengths":[0.03642740100622177,0.11152499914169312,0.03464439883828163],"normalizedAxes":[0,0,1,0,1,0,-1,0,0],"metadata":{"constrainVertical":true},"min":[-0.017322199419140816,0.15092399716377258,-0.018213700503110886],"max":[0.017322199419140816,0.2624489963054657,0.018213700503110886]}},{"pid":19,"name":"gas lift piece 3","label":"gas lift piece","obb":{"centroid":[0,0.36207300424575806,-0.0013729501515626907],"axesLengths":[0.07622789964079857,0.0683479905128479,0.0733041986823082],"normalizedAxes":[0,0,1,0,1,0,-1,0,0],"metadata":{"constrainVertical":true},"min":[-0.0366520993411541,0.3278990089893341,-0.039486899971961975],"max":[0.0366520993411541,0.396246999502182,0.036740999668836594]}}],"distanceMatrix":[[],[],[null,null],[null,null,null],[null,null,null,null],[null,null,null,null,null],[null,0.007820987670687554,0.00782094328349663,0.007821094930359608,0.007820863797605349,0.007820941020635361],[null,null,null,null,null,null,null],[null,null,null,null,null,null,null,null],[null,null,null,null,null,null,null,null,null],[null,null,null,null,null,null,null,null,0.012586631395958916,0.012586631395958916],[null,null,null,null,null,null,null,0.06625044236146602,0.025721764185069662,0.025721764185069662,0],[null,null,null,null,null,null,null,0.03294696381916352,0.000980448921485098,0.000980448921491961,0.027099639050506077,0],[null,null,0.0008069205333240939,null,null,null,0.0009674269985756556,null,null,null,null,null,null],[null,0.0008065615607930336,null,null,null,null,0.0009673357097073185,null,null,null,null,null,null,null],[null,null,null,null,null,0.0008065255274757623,0.0009674049325970228,null,null,null,null,null,null,null,null],[null,null,null,null,0.000806791532390124,null,0.0009672456019003207,null,null,null,null,null,null,null,null,null],[null,null,null,0.0008063962707472132,null,null,0.0009678043447946611,null,null,null,null,null,null,null,null,null,null],[null,null,null,null,null,null,0,0.0003486507626568864,null,null,null,null,null,null,null,null,null,null],[null,null,null,null,null,null,null,0.00032749867477883986,null,null,null,0,0,null,null,null,null,null,null]],"connectivityGraph":[[],[14],[13],[17],[16],[15],[13,14,15,16,17,18],[18,19],[12],[12],[11],[10,12,19],[8,9,11,19],[2,6],[1,6],[5,6],[4,6],[3,6],[6,7],[7,11,12]],"reducedConnectivityGraph":[[],[14],[13],[17],[16],[15],[13,14,15,16,17,18],[18,19],[12],[12],[11],[10,19],[8,9,19],[2,6],[1,6],[5,6],[4,6],[3,6],[6,7],[7,11,12]]}