{"version":"articulated-parts@0.0.1","modelId":"p5d.391","metadata":{"connectivity":{"minDist":0.001,"maxDist":0.05,"minConnDist":0.001,"maxConnDist":0.05,"maxConnRelDist":0,"partsAnnId":27846,"condensed":true}},"parts":[null,{"pid":1,"label":"static","name":"static","obb":{"centroid":[0.00013950467109680176,1.1179799954896836,-0.00005550682544708252],"axesLengths":[0.7198350131511688,2.235960022448367,0.7196609973907471],"normalizedAxes":[0,0,1,0,1,0,-1,0,0],"metadata":{"constrainVertical":true},"min":[-0.35969099402427673,-1.5734499925201817e-8,-0.3599730134010315],"max":[0.35997000336647034,2.235960006713867,0.35986199975013733]},"sourcePartIds":[0,2,3,6,7,8,9,10]},{"pid":2,"label":"cabinet door","name":"cabinet door 1","obb":{"centroid":[0.15946031074178754,1.3168284446001053,0.15962731641339564],"axesLengths":[0.5294433361539064,1.8068428933620453,0.0360347014736061],"normalizedAxes":[0.7075489703468755,0,-0.706664315330183,0,1,0,0.706664315330183,0,0.7075489703468755],"metadata":{"constrainVertical":true},"min":[-0.04057545175705474,0.41340699791908264,-0.04019019787347197],"max":[0.3594960732406298,2.220249891281128,0.35944483070026323]},"baseIds":[1],"sourcePartIds":[1,13],"articulationIds":[0]},{"pid":3,"label":"drawer","name":"drawer 1","obb":{"centroid":[-0.08772312032516077,0.3334130048751831,-0.08785089238582833],"axesLengths":[0.735704579276912,0.15939998626708984,0.554427201115556],"normalizedAxes":[-0.7067019353582592,0,-0.7075113953576231,0,1,0,0.7075113953576231,0,-0.7067019353582592],"metadata":{"constrainVertical":true},"min":[-0.5438168266813688,0.2537130117416382,-0.544017967135242],"max":[0.3683705860310473,0.413112998008728,0.3683161823635853]},"baseIds":[1],"sourcePartIds":[4,12],"articulationIds":[1]},{"pid":4,"label":"drawer","name":"drawer 2","obb":{"centroid":[-0.08772270760758319,0.17990099638700485,-0.08785102193429858],"axesLengths":[0.7357041787981167,0.15940000116825104,0.5544265746275008],"normalizedAxes":[-0.7067019489530139,0,-0.7075113817784219,0,1,0,0.7075113817784219,0,-0.7067019489530139],"metadata":{"constrainVertical":true},"min":[-0.5438160520670262,0.10020099580287933,-0.5440177324154051],"max":[0.3683706368518599,0.25960099697113037,0.36831568854680796]},"baseIds":[1],"sourcePartIds":[5,11],"articulationIds":[2]}],"sourceParts":[{"pid":0,"label":"unknown","name":"unknown"},{"pid":1,"label":"cabinet door","name":"cabinet door 1","obb":{"centroid":[0.1520349487359721,1.3168284446001053,0.15219265878643917],"axesLengths":[0.5294433361539064,1.8068428933620453,0.015019456060100272],"normalizedAxes":[0.7075489703468755,0,-0.706664315330183,0,1,0,0.706664315330183,0,0.7075489703468755],"metadata":{"constrainVertical":true},"min":[-0.04057545175705474,0.41340699791908264,-0.04019019787347197],"max":[0.3446453492289989,2.220249891281128,0.34457551544635034]},"baseIds":[6],"childIds":[13]},{"pid":2,"label":"side panel","name":"side panel 1","obb":{"centroid":[0.3523630052804947,1.1103399913338636,-0.19467050023376942],"axesLengths":[0.3303829990327358,2.220680014127927,0.015213996171951294],"normalizedAxes":[0,0,-1,0,1,0,1,0,0],"metadata":{"constrainVertical":true},"min":[0.34475600719451904,-1.5730099889310623e-8,-0.35986199975013733],"max":[0.35997000336647034,2.220679998397827,-0.029479000717401505]}},{"pid":3,"label":"side panel","name":"side panel 2","obb":{"centroid":[-0.1947908466681838,1.1103400067362639,0.35235850512981415],"axesLengths":[0.32980029471218586,2.2206799833231265,0.014981001615524292],"normalizedAxes":[1,0,0,0,1,0,0,0,1],"metadata":{"constrainVertical":true},"min":[-0.35969099402427673,1.5074700598916024e-8,0.344868004322052],"max":[-0.029890699312090874,2.220679998397827,0.3598490059375763]}},{"pid":4,"label":"drawer","name":"drawer 1","obb":{"centroid":[-0.09516427973521974,0.3334130048751831,-0.09530057394762842],"axesLengths":[0.7146457466459695,0.15939998626708984,0.5544272011115663],"normalizedAxes":[0.7067019293215732,0,0.7075114013874025,0,1,0,-0.7075114013874025,0,0.7067019293215732],"metadata":{"constrainVertical":true},"min":[-0.5438168267161709,0.2537130117416382,-0.5440179671470986],"max":[0.3534882672457314,0.413112998008728,0.3534168192518417]},"baseIds":[2],"childIds":[12]},{"pid":5,"label":"drawer","name":"drawer 2","obb":{"centroid":[-0.09516386722553766,0.17990099638700485,-0.09530070400845894],"axesLengths":[0.7146453451033828,0.15940000116825104,0.5544265746258932],"normalizedAxes":[0.7067019465164578,0,0.7075113842121904,0,1,0,-0.7075113842121904,0,0.7067019465164578],"metadata":{"constrainVertical":true},"min":[-0.5438160520810753,0.10020099580287933,-0.5440177324201908],"max":[0.35348831763000005,0.25960099697113037,0.353416324403273]},"baseIds":[2,3],"childIds":[11]},{"pid":6,"label":"top panel","name":"top panel 1","obb":{"centroid":[0.00013649463653564453,2.22845995426178,-0.00005550682544708252],"axesLengths":[0.7198350131511688,0.015000104904174805,0.7196429967880249],"normalizedAxes":[0,0,1,0,1,0,-1,0,0],"metadata":{"constrainVertical":true},"min":[-0.3596850037574768,2.2209599018096924,-0.3599730134010315],"max":[0.3599579930305481,2.235960006713867,0.35986199975013733]}},{"pid":7,"label":"back panel","name":"back panel 1","obb":{"centroid":[-0.007516995072364807,1.1103399913316636,-0.3524724990129471],"axesLengths":[0.7043479979038239,2.220680014132327,0.014981001615524292],"normalizedAxes":[1,0,0,0,1,0,0,0,1],"metadata":{"constrainVertical":true},"min":[-0.35969099402427673,-1.5734499925201817e-8,-0.35996299982070923],"max":[0.3446570038795471,2.220679998397827,-0.34498199820518494]}},{"pid":8,"label":"back panel","name":"back panel 2","obb":{"centroid":[-0.3521585017442703,1.1103399916612133,-0.00008100271224975586],"axesLengths":[0.6896100044250488,2.2206800134732276,0.014981001615524292],"normalizedAxes":[0,0,1,0,1,0,-1,0,0],"metadata":{"constrainVertical":true},"min":[-0.35964900255203247,-1.5075400483510748e-8,-0.34488600492477417],"max":[-0.3446680009365082,2.220679998397827,0.34472399950027466]}},{"pid":9,"label":"bottom panel","name":"bottom panel 1","obb":{"centroid":[-0.09982815788437889,0.008386540211250114,-0.09977978895903959],"axesLengths":[0.9858630534062662,0.703395818783275,0.000002],"normalizedAxes":[0.7073939670688691,-3.1298638289623803e-8,-0.7068194786185269,-0.7068194786185277,-2.8568843456493444e-8,-0.7073939670688687,1.947452866897564e-9,0.9999999999999992,-4.2331914704600205e-8],"metadata":{"constrainVertical":false},"min":[-0.6971118789996479,0.00838551473556204,-0.6969823729924028],"max":[0.4974555632308901,0.008387565686938188,0.49742279507432363]}},{"pid":10,"label":"front panel","name":"front panel 1","obb":{"centroid":[0.15230657582603777,0.05381015385501087,0.1526465886773469],"axesLengths":[0.5579627580042009,0.10566568979993463,0.015396341328729437],"normalizedAxes":[0.7072013859880598,0,-0.7070121637260331,0,1,0,0.7070121637260333,0,0.7072013859880599],"metadata":{"constrainVertical":true},"min":[-0.05043214236725266,0.0009773089550435543,-0.050040796693612],"max":[0.35504529401932816,0.10664299875497818,0.3553339740483058]}},{"pid":11,"label":"handle","name":"handle 1","obb":{"centroid":[0.15626009307527672,0.184129998087883,0.1732075785007738],"axesLengths":[0.1485653550005578,0.01083800196647644,0.021454046677536368],"normalizedAxes":[0.7064432776810552,0,-0.707769662686419,0,1,0,0.7077696626864192,0,0.7064432776810553],"metadata":{"constrainVertical":true},"min":[0.09619133321694562,0.17871099710464478,0.11305451937575678],"max":[0.21632885293360782,0.18954899907112122,0.23336063762579085]}},{"pid":12,"label":"handle","name":"handle 2","obb":{"centroid":[0.15626009307527672,0.3377640098333359,0.1732075785007738],"axesLengths":[0.1485653550005578,0.01083800196647644,0.021454046677536368],"normalizedAxes":[0.7064432776810552,0,-0.707769662686419,0,1,0,0.7077696626864192,0,0.7064432776810553],"metadata":{"constrainVertical":true},"min":[0.09619133321694562,0.33234500885009766,0.11305451937575678],"max":[0.21632885293360782,0.3431830108165741,0.23336063762579085]}},{"pid":13,"label":"handle","name":"handle 3","obb":{"centroid":[0.3428711197112503,1.2739199995994568,-0.01329509628084066],"axesLengths":[0.021512193466497846,0.14855992794036865,0.010838255623733039],"normalizedAxes":[-0.7071078954760818,0,-0.7071056668952574,0,1,0,0.7071056668952574,0,-0.7071078954760818],"metadata":{"constrainVertical":true},"min":[0.331433502801265,1.1996400356292725,-0.02473270129695938],"max":[0.3543087366212356,1.3481999635696411,-0.0018574912647219416]}}],"connectivityGraph":[[],[2,3,4],[1],[1],[1]],"articulations":[{"pid":2,"type":"Hinge Rotation","axis":[0,1,0],"origin":[-0.013735150152780928,2.220249891281128,0.3643404869342153],"rangeMin":-1.5550883635269477,"rangeMax":0.12566370614359174,"base":[1],"value":0},{"pid":3,"type":"Translation","axis":[0.7067019293215732,0,0.7075114013874025],"origin":[-0.09516427973521974,0.3334130048751831,-0.09530057394762842],"rangeMin":-0.0004969672892222,"rangeMax":0.333503032710778,"base":[1],"value":0},{"pid":4,"type":"Translation","axis":[0.7067019465164578,0,0.7075113842121904],"origin":[-0.09516386722553766,0.17990099638700485,-0.09530070400845894],"rangeMin":-0.0004969672892222,"rangeMax":0.333503032710778,"base":[1],"value":0}]}