{"version":"articulated-parts@0.0.1","modelId":"p5d.s__1508","metadata":{"connectivity":{"minDist":0.001,"maxDist":0.05,"minConnDist":0.001,"maxConnDist":0.05,"maxConnRelDist":0,"partsAnnId":25737,"condensed":true}},"parts":[null,{"pid":1,"label":"static","name":"static","obb":{"centroid":[0.02565820004981828,0.061731334775686264,0.009256034613214531],"axesLengths":[0.5740278670085213,0.10450132936239243,0.546139318788727],"normalizedAxes":[0.3071379982286667,0,-0.9516649883462601,0,1,0,0.9516649883462603,0,0.3071379982286668],"metadata":{"constrainVertical":true},"min":[-0.32236551917567025,0.009480670094490051,-0.3477551456337006],"max":[0.3736819192753068,0.11398199945688248,0.3662672148601297]},"sourcePartIds":[1]},{"pid":2,"label":"wheel","name":"wheel 1","obb":{"centroid":[-0.000016549603499449037,0.024030689260598592,0.26853000372656644],"axesLengths":[0.05461330058030542,0.048060223239190236,0.05049320011038258],"normalizedAxes":[0.9999999836203655,0,0.00018099521812153224,0,1,0,-0.00018099521812153224,0,0.9999999836203655],"min":[-0.027327768960263024,5.776410034741275e-7,0.2432784617117798],"max":[0.027294669753264125,0.04806080088019371,0.29378154574135307]},"baseIds":[9],"sourcePartIds":[1],"articulationIds":[0]},{"pid":3,"label":"wheel","name":"wheel 2","obb":{"centroid":[0.2531254846982236,0.024030684938082914,0.08340679241842791],"axesLengths":[0.05494706747217949,0.048060231884221594,0.05018663712522076],"normalizedAxes":[0.3073054373597315,0,-0.9516109331912618,0,1,0,0.951610933191262,0,0.30730543735973154],"min":[0.22080364210340592,5.689959721166815e-7,0.049551364106075885],"max":[0.2854473272930413,0.04806080088019371,0.11726222073077994]},"baseIds":[10],"sourcePartIds":[2],"articulationIds":[1]},{"pid":4,"label":"wheel","name":"wheel 3","obb":{"centroid":[0.15646899976791168,0.024030678455602583,-0.21617850306209435],"axesLengths":[0.05474122831888488,0.048060244849182254,0.05037478939444392],"normalizedAxes":[-0.807020216802324,0,-0.5905238095727637,0,1,0,0.5905238095727638,0,-0.8070202168023243],"min":[0.11950660452512935,5.560310114560707e-7,-0.2526682391351123],"max":[0.193431395010694,0.04806080088019371,-0.17968876698907638]},"baseIds":[11],"sourcePartIds":[3],"articulationIds":[2]},{"pid":5,"label":"wheel","name":"wheel 4","obb":{"centroid":[-0.1564103489535026,0.02403067851358287,-0.21620879470425722],"axesLengths":[0.05474124567471343,0.04806024473322168,0.050375742775835015],"normalizedAxes":[0.807231616222354,0,-0.5902347988479215,0,1,0,0.5902347988479215,0,0.807231616222354],"min":[-0.19337153926556933,5.561469720305467e-7,-0.2526963348986762],"max":[-0.11944915864143585,0.04806080088019371,-0.17972125450983822]},"baseIds":[12],"sourcePartIds":[4],"articulationIds":[3]},{"pid":6,"label":"wheel","name":"wheel 5","obb":{"centroid":[-0.2531245203602135,0.02403068503110717,0.08335790578505245],"axesLengths":[0.05494705426739886,0.048060231698173084,0.05018619101291007],"normalizedAxes":[0.3069675191834118,0,0.9517199914714316,0,1,0,-0.9517199914714316,0,0.3069675191834118],"min":[-0.28543960146905856,5.691820206266129e-7,0.04950803549942896],"max":[-0.22080943925136842,0.04806080088019371,0.11720777607067594]},"baseIds":[13],"sourcePartIds":[5],"articulationIds":[4]},{"pid":7,"label":"backrest","name":"backrest 1","obb":{"centroid":[0.000007578470137845576,0.7414466096875012,-0.24024531965407717],"axesLengths":[0.35936500130099025,0.32982761318509635,0.09998544068074787],"normalizedAxes":[-0.9999999999447673,-0.0000104704059199253,9.144823075005052e-7,-0.0000105102645070403,0.9961723802617585,-0.08741046100528756,4.2409914031189e-9,-0.08741046101007109,-0.9961723803167839],"min":[-0.1796766556701798,0.5727922623553571,-0.30446204305091806],"max":[0.1796918126104555,0.9101009570196453,-0.17602859625723627]},"baseIds":[16],"sourcePartIds":[6],"articulationIds":[5]},{"pid":8,"label":"seat","name":"seat 1","obb":{"centroid":[0.000008501112461090088,0.5305505096912384,0.014817997813224792],"axesLengths":[0.4789529889822006,0.3019450306892395,0.4506939947605133],"normalizedAxes":[-1,0,0,0,1,0,0,0,-1],"metadata":{"constrainVertical":true},"min":[-0.23946799337863922,0.37957799434661865,-0.21052899956703186],"max":[0.2394849956035614,0.6815230250358582,0.24016499519348145]},"baseIds":[16],"sourcePartIds":[11,13,12],"articulationIds":[6]},{"pid":9,"label":"caster","name":"caster 1","obb":{"centroid":[-0.000017293372743816537,0.04157970007508993,0.2722719881922164],"axesLengths":[0.06545325803875018,0.04182899929583073,0.037875629794321006],"normalizedAxes":[-0.0001772546098450813,0,0.9999999842904015,0,1,0,-0.9999999842904017,0,-0.00017725460984508132],"metadata":{"constrainVertical":true},"min":[-0.01896090891825723,0.020665200427174568,0.23954200287197258],"max":[0.018926322172769596,0.062494199723005295,0.30500197351246017]},"baseIds":[1],"childIds":[2],"sourcePartIds":[9],"articulationIds":[7]},{"pid":10,"label":"caster","name":"caster 2","obb":{"centroid":[0.2566390790992487,0.04157970007508993,0.08455694837417022],"axesLengths":[0.06516307371482485,0.04182899929583073,0.038107111597116834],"normalizedAxes":[0.9503860170923152,0,0.3110730115509956,0,1,0,-0.3110730115509956,0,0.9503860170923152],"metadata":{"constrainVertical":true},"min":[0.21974699507157355,0.020665200427174568,0.05631347857613705],"max":[0.2935311631269239,0.062494199723005295,0.11280041817220338]},"baseIds":[1],"childIds":[3],"sourcePartIds":[10],"articulationIds":[8]},{"pid":11,"label":"caster","name":"caster 3","obb":{"centroid":[0.15863358640750533,0.04157970007508993,-0.2191770450051322],"axesLengths":[0.06547185227653445,0.04182899929583073,0.03796366686759871],"normalizedAxes":[0.5853612454803532,0,-0.8107726020837714,0,1,0,0.8107726020837717,0,0.5853612454803533],"metadata":{"constrainVertical":true},"min":[0.12408129342581414,0.020665200427174568,-0.25682966668218665],"max":[0.1931858793891965,0.062494199723005295,-0.18152442332807772]},"baseIds":[1],"childIds":[4],"sourcePartIds":[11],"articulationIds":[9]},{"pid":12,"label":"caster","name":"caster 4","obb":{"centroid":[-0.15857218394058417,0.04157970007508993,-0.21921147339479655],"axesLengths":[0.0654655388724116,0.04182899929583073,0.03796750193593127],"normalizedAxes":[0.5852990069152887,0,0.8108175334216551,0,1,0,-0.8108175334216553,0,0.5852990069152888],"metadata":{"constrainVertical":true},"min":[-0.1931229995201194,0.020665200427174568,-0.2568629473601981],"max":[-0.12402136836104895,0.062494199723005295,-0.181559999429395]},"baseIds":[1],"childIds":[5],"sourcePartIds":[12],"articulationIds":[10]},{"pid":13,"label":"caster","name":"caster 5","obb":{"centroid":[-0.25663893552291744,0.04157970007508993,0.08450657330175097],"axesLengths":[0.06516256601755355,0.04182899929583073,0.038106535835068255],"normalizedAxes":[-0.9504955731874635,0,0.3107380976820114,0,1,0,-0.3107380976820114,0,-0.9504955731874635],"metadata":{"constrainVertical":true},"min":[-0.29352787701884797,0.020665200427174568,0.05627228058919353],"max":[-0.21974999402698694,0.062494199723005295,0.11274086601430841]},"baseIds":[1],"childIds":[6],"sourcePartIds":[13],"articulationIds":[11]},{"pid":14,"label":"lever","name":"lever 1","obb":{"centroid":[-0.10324620467648513,0.32941158143881055,-0.04155795086840589],"axesLengths":[0.1660648017886292,0.014865205219983487,0.048279302194714414],"normalizedAxes":[0.8687527355801181,0.4952460847114916,1.6936180300076014e-8,0.4952460847114894,-0.8687527355801159,7.350077726939003e-8,5.11143251318859e-8,-5.546642433646702e-8,-0.9999999999999971],"min":[-0.17906179867090277,0.28183301480285594,-0.0656976039183168],"max":[-0.027430610682067494,0.37699014807476516,-0.017418297818494972]},"baseIds":[16],"sourcePartIds":[19],"articulationIds":[12]},{"pid":15,"label":"knob","name":"knob 1","obb":{"centroid":[0.00000860169529914856,0.337973490357399,-0.12636735290288925],"axesLengths":[0.06677530705928802,0.03930899500846863,0.06308159977197647],"normalizedAxes":[0,0,1,0,1,0,-1,0,0],"min":[-0.03153219819068909,0.3183189928531647,-0.15975500643253326],"max":[0.031549401581287384,0.3576279878616333,-0.09297969937324524]},"baseIds":[16],"sourcePartIds":[20],"articulationIds":[13]},{"pid":16,"label":"gas lift piece","name":"gas lift piece 2","obb":{"centroid":[0.000008678630722821157,0.42893837324255213,-0.10623854820973636],"axesLengths":[0.07566850992373383,0.67894883489513,0.3336512893914868],"normalizedAxes":[-0.9999999999983928,0.0000013375425582322148,0.0000011937276532443554,4.2033521534718956e-7,0.8222248052206205,-0.5691628674463364,-0.000001742792044950265,-0.5691628674449201,-0.8222248052198615],"metadata":{"constrainVertical":false},"min":[-0.03782600976654212,0.05486307357604148,-0.4366230094482989],"max":[0.03784336702798776,0.8030136729090628,0.22414591302882622]},"baseIds":[1],"childIds":[7,8,14,15],"sourcePartIds":[22,9,7,21,8],"articulationIds":[14]}],"sourceParts":[null,{"pid":1,"label":"wheel","name":"wheel 1","obb":{"centroid":[-0.000016549603499449037,0.024030689260598592,0.26853000372656644],"axesLengths":[0.05461330058030542,0.048060223239190236,0.05049320011038258],"normalizedAxes":[0.9999999836203655,0,0.00018099521812153224,0,1,0,-0.00018099521812153224,0,0.9999999836203655],"metadata":{"constrainVertical":true},"min":[-0.027327768960263024,5.776410034741275e-7,0.2432784617117798],"max":[0.027294669753264125,0.04806080088019371,0.29378154574135307]},"baseIds":[14]},{"pid":2,"label":"wheel","name":"wheel 2","obb":{"centroid":[0.2531254846982236,0.024030684938082914,0.08340679241842791],"axesLengths":[0.05494706747217949,0.048060231884221594,0.05018663712522076],"normalizedAxes":[0.3073054373597315,0,-0.9516109331912618,0,1,0,0.951610933191262,0,0.30730543735973154],"metadata":{"constrainVertical":true},"min":[0.22080364210340592,5.689959721166815e-7,0.049551364106075885],"max":[0.2854473272930413,0.04806080088019371,0.11726222073077994]},"baseIds":[15]},{"pid":3,"label":"wheel","name":"wheel 3","obb":{"centroid":[0.15646899976791168,0.024030678455602583,-0.21617850306209435],"axesLengths":[0.05474122831888488,0.048060244849182254,0.05037478939444392],"normalizedAxes":[-0.807020216802324,0,-0.5905238095727637,0,1,0,0.5905238095727638,0,-0.8070202168023243],"metadata":{"constrainVertical":true},"min":[0.11950660452512935,5.560310114560707e-7,-0.2526682391351123],"max":[0.193431395010694,0.04806080088019371,-0.17968876698907638]},"baseIds":[16]},{"pid":4,"label":"wheel","name":"wheel 4","obb":{"centroid":[-0.1564103489535026,0.02403067851358287,-0.21620879470425722],"axesLengths":[0.05474124567471343,0.04806024473322168,0.050375742775835015],"normalizedAxes":[0.807231616222354,0,-0.5902347988479215,0,1,0,0.5902347988479215,0,0.807231616222354],"metadata":{"constrainVertical":true},"min":[-0.19337153926556933,5.561469720305467e-7,-0.2526963348986762],"max":[-0.11944915864143585,0.04806080088019371,-0.17972125450983822]},"baseIds":[17]},{"pid":5,"label":"wheel","name":"wheel 5","obb":{"centroid":[-0.2531245203602135,0.02403068503110717,0.08335790578505245],"axesLengths":[0.05494705426739886,0.048060231698173084,0.05018619101291007],"normalizedAxes":[0.3069675191834118,0,0.9517199914714316,0,1,0,-0.9517199914714316,0,0.3069675191834118],"metadata":{"constrainVertical":true},"min":[-0.28543960146905856,5.691820206266129e-7,0.04950803549942896],"max":[-0.22080943925136842,0.04806080088019371,0.11720777607067594]},"baseIds":[18]},{"pid":6,"label":"backrest","name":"backrest 1","obb":{"centroid":[0.000007578470137845576,0.7414466096875012,-0.24024531965407717],"axesLengths":[0.35936500130099025,0.32982761318509635,0.09998544068074787],"normalizedAxes":[-0.9999999999447673,-0.0000104704059199253,9.144823075005052e-7,-0.0000105102645070403,0.9961723802617585,-0.08741046100528756,4.2409914031189e-9,-0.08741046101007109,-0.9961723803167839],"metadata":{"constrainVertical":false},"min":[-0.1796766556701798,0.5727922623553571,-0.30446204305091806],"max":[0.1796918126104555,0.9101009570196453,-0.17602859625723627]},"baseIds":[21]},{"pid":7,"label":"height adjuster","name":"height adjuster 1","obb":{"centroid":[0.00007103578306127389,0.40582904645834866,-0.2606950179447743],"axesLengths":[0.06816421109460447,0.13836133914198484,0.051230329534642946],"normalizedAxes":[0.9999420576378677,-0.003170239952017016,0.010287416857191665,-0.009564105551779941,-0.7002374822034998,0.7138459192306819,0.004940572025728315,-0.7139029472526008,-0.7002272292992533],"metadata":{"constrainVertical":false},"min":[-0.03479729975894274,0.33899135850639794,-0.3283664092878747],"max":[0.034939371325065284,0.4726667344102994,-0.19302362660167388]}},{"pid":8,"label":"gas lift piece","name":"gas lift piece 1","obb":{"centroid":[0.000008566176976476658,0.23709149658679962,0.0005813883472459477],"axesLengths":[0.07044937472002702,0.16266098618507385,0.06997691408628057],"normalizedAxes":[-0.3804903369916868,0,-0.9247848957762841,0,1,0,0.9247848957762841,0,-0.3804903369916868],"metadata":{"constrainVertical":true},"min":[-0.04575088358707535,0.1557610034942627,-0.04530664029289994],"max":[0.045768015941028306,0.31842198967933655,0.04646941698739184]}},{"pid":9,"label":"gas lift mechanism","name":"gas lift mechanism 1","obb":{"centroid":[0.000008499249815940857,0.3688889890909195,-0.03838050365447998],"axesLengths":[0.33009499311447144,0.03938600420951843,0.07097059860825539],"normalizedAxes":[0,0,1,0,1,0,-1,0,0],"metadata":{"constrainVertical":true},"min":[-0.03547680005431175,0.3491959869861603,-0.2034280002117157],"max":[0.035493798553943634,0.3885819911956787,0.12666699290275574]}},{"pid":10,"label":"base","name":"base 1","obb":{"centroid":[0.02565820004981828,0.061731334775686264,0.009256034613214531],"axesLengths":[0.5740278670085213,0.10450132936239243,0.546139318788727],"normalizedAxes":[0.3071379982286667,0,-0.9516649883462601,0,1,0,0.9516649883462603,0,0.3071379982286668],"metadata":{"constrainVertical":true},"min":[-0.32236551917567025,0.009480670094490051,-0.3477551456337006],"max":[0.3736819192753068,0.11398199945688248,0.3662672148601297]}},{"pid":11,"label":"seat","name":"seat 1","obb":{"centroid":[0.000012970228624120672,0.4281120002269745,0.014817997978811498],"axesLengths":[0.4506939944459334,0.09706801176071167,0.40481500299331447],"normalizedAxes":[0.00003736281686035584,0,-0.99999999930201,0,1,0,0.99999999930201,0,0.00003736281686035584],"metadata":{"constrainVertical":true},"min":[-0.20240295072534198,0.37957799434661865,-0.21053656160127482],"max":[0.20242889118259022,0.4766460061073303,0.24017255755889783]},"baseIds":[9],"childIds":[13,12]},{"pid":12,"label":"arm","name":"arm 1","obb":{"centroid":[0.2216549962759018,0.5444465130567551,0.03450299799442291],"axesLengths":[0.35965800285339355,0.2741530239582062,0.035659998655319214],"normalizedAxes":[0,0,1,0,1,0,-1,0,0],"metadata":{"constrainVertical":true},"min":[0.2038249969482422,0.407370001077652,-0.14532600343227386],"max":[0.2394849956035614,0.6815230250358582,0.2143319994211197]}},{"pid":13,"label":"arm","name":"arm 2","obb":{"centroid":[-0.22163799405097961,0.5444465130567551,0.03450299799442291],"axesLengths":[0.35965800285339355,0.2741530239582062,0.035659998655319214],"normalizedAxes":[0,0,1,0,1,0,-1,0,0],"metadata":{"constrainVertical":true},"min":[-0.23946799337863922,0.407370001077652,-0.14532600343227386],"max":[-0.20380799472332,0.6815230250358582,0.2143319994211197]}},null,null,null,null,null,{"pid":19,"label":"lever","name":"lever 1","obb":{"centroid":[-0.10324620467648513,0.32941158143881055,-0.04155795086840589],"axesLengths":[0.1660648017886292,0.014865205219983487,0.048279302194714414],"normalizedAxes":[0.8687527355801181,0.4952460847114916,1.6936180300076014e-8,0.4952460847114894,-0.8687527355801159,7.350077726939003e-8,5.11143251318859e-8,-5.546642433646702e-8,-0.9999999999999971],"metadata":{"constrainVertical":false},"min":[-0.17906179867090277,0.28183301480285594,-0.0656976039183168],"max":[-0.027430610682067494,0.37699014807476516,-0.017418297818494972]},"baseIds":[9]},{"pid":20,"label":"knob","name":"knob 1","obb":{"centroid":[0.00000860169529914856,0.337973490357399,-0.12636735290288925],"axesLengths":[0.06677530705928802,0.03930899500846863,0.06308159977197647],"normalizedAxes":[0,0,1,0,1,0,-1,0,0],"metadata":{"constrainVertical":true},"min":[-0.03153219819068909,0.3183189928531647,-0.15975500643253326],"max":[0.031549401581287384,0.3576279878616333,-0.09297969937324524]},"baseIds":[9]},{"pid":21,"label":"back support","name":"back support 1","obb":{"centroid":[0.00003413673423960351,0.5823863079574645,-0.28718768424856483],"axesLengths":[0.07110384327532843,0.2558173610122945,0.03432537694092471],"normalizedAxes":[0.9999960405562538,-0.00048968721259027,-0.002771114982945616,0.0005061060542929625,0.9999823047449578,0.005927398554533336,0.0027681633760831604,-0.005928777563402211,0.9999785932049382],"metadata":{"constrainVertical":false},"min":[-0.03562988862085066,0.4543607277443006,-0.30520668951153945],"max":[0.03569816208932987,0.7104118881706284,-0.2691686789855902]}},{"pid":22,"label":"gas lift piece","name":"gas lift piece 2","obb":{"centroid":[0.00000854771903711915,0.23213400319218636,0.000581345748679768],"axesLengths":[0.060175618970975224,0.23920800536870956,0.05977206121014515],"normalizedAxes":[-0.38049181922892145,0,-0.9247842859282731,0,1,0,0.9247842859282731,0,-0.38049181922892145],"metadata":{"constrainVertical":true},"min":[-0.039077749121051816,0.11253000050783157,-0.0386147778159581],"max":[0.039094844559126055,0.35173800587654114,0.03977746931331764]},"baseIds":[10],"childIds":[9,11,19,20,7,21,6,8]}],"connectivityGraph":[[],[9,10,11,12,13,16],[9],[10],[11],[12],[13],[16],[16],[2,1],[3,1],[4,1],[5,1],[6,1],[16],[16],[7,8,14,15,1]],"articulations":[{"pid":2,"type":"Central Rotation","axis":[0.9999999836203655,0,0.00018099521812153224],"origin":[-0.000016549603499449037,0.024030689260598592,0.26853000372656644],"rangeMin":-3.141592653589793,"rangeMax":3.141592653589793,"base":[9],"value":0},{"pid":3,"type":"Central Rotation","axis":[0.30730543735973154,0,-0.951610933191262],"origin":[0.2531254846982236,0.024030684938082914,0.08340679241842791],"rangeMin":-3.141592653589793,"rangeMax":3.141592653589793,"base":[10],"value":0},{"pid":4,"type":"Central Rotation","axis":[-0.8070202168023243,0,-0.5905238095727638],"origin":[0.15646899976791168,0.024030678455602583,-0.21617850306209435],"rangeMin":-3.141592653589793,"rangeMax":3.141592653589793,"base":[11],"value":0},{"pid":5,"type":"Central Rotation","axis":[0.807231616222354,0,-0.5902347988479215],"origin":[-0.1564103489535026,0.02403067851358287,-0.21620879470425722],"rangeMin":-3.141592653589793,"rangeMax":3.141592653589793,"base":[12],"value":0},{"pid":6,"type":"Central Rotation","axis":[0.3069675191834118,0,0.9517199914714316],"origin":[-0.2531245203602135,0.02403068503110717,0.08335790578505245],"rangeMin":-3.141592653589793,"rangeMax":3.141592653589793,"base":[13],"value":0},{"pid":7,"type":"Translation","axis":[0,1,0],"origin":[0.000008501112461090088,0.7412914931774139,-0.23334699869155884],"rangeMin":-0.127640021085739,"rangeMax":0.00035997891426086,"base":[16],"value":0},{"pid":8,"type":"Translation","axis":[0,1,0],"origin":[0.000012970228624120672,0.4281120002269745,0.014817997978811498],"rangeMin":-0.019693002104759216,"rangeMax":0.019693002104759216,"base":[16],"value":0},{"pid":9,"type":"Central Rotation","axis":[0,1,0],"origin":[-0.000020709666597386716,0.04157970007508993,0.2915453588700644],"rangeMin":-3.141592653589793,"rangeMax":3.141592653589793,"base":[1],"value":0},{"pid":10,"type":"Central Rotation","axis":[0,1,0],"origin":[0.26913199088336787,0.04157970007508993,0.08864603178010733],"rangeMin":-3.141592653589793,"rangeMax":3.141592653589793,"base":[1],"value":0},{"pid":11,"type":"Central Rotation","axis":[0,1,0],"origin":[0.1662378404256559,0.04157970007508993,-0.22970955098294518],"rangeMin":-3.141592653589793,"rangeMax":3.141592653589793,"base":[1],"value":0},{"pid":12,"type":"Central Rotation","axis":[0,1,0],"origin":[-0.16969645905184771,0.04157970007508993,-0.23462198528743686],"rangeMin":-3.141592653589793,"rangeMax":3.141592653589793,"base":[1],"value":0},{"pid":13,"type":"Central Rotation","axis":[0,1,0],"origin":[-0.25663893552291744,0.04157970007508993,0.08450657330175097],"rangeMin":-3.141592653589793,"rangeMax":3.141592653589793,"base":[1],"value":0},{"pid":14,"type":"Hinge Rotation","axis":[0,0,1],"origin":[-0.037004882996964195,0.36934199929237366,0.0024251050390433695],"rangeMin":-0.20420352248333656,"rangeMax":0.18849555921538758,"base":[16],"value":0},{"pid":15,"type":"Central Rotation","axis":[0,1,0],"origin":[0.00000860169529914856,0.337973490357399,-0.12636735290288925],"rangeMin":-3.141592653589793,"rangeMax":3.141592653589793,"base":[16],"value":0},{"pid":16,"type":"Central Rotation","axis":[0,1,0],"origin":[0.00000854771903711915,0.23213400319218636,0.000581345748679768],"rangeMin":-3.141592653589793,"rangeMax":3.141592653589793,"base":[1],"value":0}]}