{"version":"articulated-parts@0.0.1","modelId":"p5d.335","metadata":{"connectivity":{"minDist":0.001,"maxDist":0.05,"minConnDist":0.001,"maxConnDist":0.05,"maxConnRelDist":0,"partsAnnId":27518,"condensed":true}},"parts":[null,{"pid":1,"label":"static","name":"static","obb":{"centroid":[-0.01239255687849522,0.08848084881901741,-0.04284685831714516],"axesLengths":[0.5963395649119952,0.051488302648067474,0.5772017371559465],"normalizedAxes":[-0.8349250452331549,0,0.5503636696243805,0,1,0,-0.5503636696243805,0,-0.8349250452331549],"metadata":{"constrainVertical":true},"min":[-0.4201774090700859,0.06273669749498367,-0.4479087672125234],"max":[0.39539229531309544,0.11422500014305115,0.362215050578233]},"sourcePartIds":[1]},{"pid":2,"label":"seat","name":"seat 1","obb":{"centroid":[0,0.5896415114402771,-0.020893998444080353],"axesLengths":[0.6200000047683716,0.3498769998550415,0.5350439995527267],"normalizedAxes":[1,0,0,0,1,0,0,0,1],"metadata":{"constrainVertical":true},"min":[-0.3100000023841858,0.41470301151275635,-0.2884159982204437],"max":[0.3100000023841858,0.7645800113677979,0.24662800133228302]},"baseIds":[9],"childIds":[3],"sourcePartIds":[3,12,2,1],"articulationIds":[0]},{"pid":3,"label":"back","name":"back 1","obb":{"centroid":[2.8485626490404615e-8,0.7962949997031172,-0.23000145667270705],"axesLengths":[0.506389975545862,0.48947783039140863,0.1251610530781137],"normalizedAxes":[-0.9999999999961915,0.0000027566279307631846,-1.3615296812972212e-7,0.0000027599728228385115,0.9989418769581663,-0.04599050392937891,9.230193855330107e-9,-0.045990503929579526,-0.99894187696197],"min":[-0.25319563533672523,0.5489362404767301,-0.30377146582912995],"max":[0.25319569230797817,1.0436537589295045,-0.15623144751628415]},"baseIds":[2],"sourcePartIds":[4],"articulationIds":[1]},{"pid":4,"label":"wheel","name":"wheel 1","obb":{"centroid":[0.2790089157069972,0.025259584668674506,0.0658795236838393],"axesLengths":[0.05275765858791136,0.05000003331224434,0.029950807952251295],"normalizedAxes":[-0.2979878418982032,0,0.9545696653889917,0,1,0,-0.9545696653889917,0,-0.2979878418982032],"min":[0.256853278931335,0.00025956801255233586,0.03623660511895524],"max":[0.3011645524826594,0.05025960132479668,0.09552244224872336]},"baseIds":[11],"sourcePartIds":[5],"articulationIds":[2]},{"pid":5,"label":"wheel","name":"wheel 2","obb":{"centroid":[0.008753250353038311,0.025259589165216312,0.2834869921207428],"axesLengths":[0.05027850158512592,0.05000002431916073,0.031058013439178467],"normalizedAxes":[1,0,0,0,1,0,0,0,1],"min":[-0.01638600043952465,0.000259577005635947,0.26795798540115356],"max":[0.03389250114560127,0.05025960132479668,0.29901599884033203]},"baseIds":[10],"sourcePartIds":[6],"articulationIds":[3]},{"pid":6,"label":"wheel","name":"wheel 3","obb":{"centroid":[-0.2735989465889165,0.025259585163439624,0.08320913510829739],"axesLengths":[0.05275814270014106,0.050000032322714105,0.029950715676004616],"normalizedAxes":[-0.29798401664531715,0,-0.9545708595090903,0,1,0,0.9545708595090903,0,-0.29798401664531715],"min":[-0.29575452842806194,0.0002595690020825714,0.053566025017340084],"max":[-0.251443364749771,0.05025960132479668,0.11285224519925469]},"baseIds":[14],"sourcePartIds":[7],"articulationIds":[4]},{"pid":7,"label":"wheel","name":"wheel 4","obb":{"centroid":[-0.17784655607603142,0.02525957715988625,-0.25817708051272775],"axesLengths":[0.05202005342593638,0.050000048329820856,0.030621226103755454],"normalizedAxes":[-0.7976185571071583,0,0.6031621982172745,0,1,0,-0.6031621982172746,0,-0.7976185571071586],"min":[-0.2078274190775724,0.0002595529949758202,-0.2860773744914764],"max":[-0.14786569307449043,0.05025960132479668,-0.2302767865339791]},"baseIds":[13],"sourcePartIds":[8],"articulationIds":[5]},{"pid":8,"label":"wheel","name":"wheel 5","obb":{"centroid":[0.16368376790822767,0.02525957715988625,-0.26888736477292197],"axesLengths":[0.05201983231437141,0.050000048329820856,0.03062158284605907],"normalizedAxes":[-0.7976235173079437,0,-0.603155638817465,0,1,0,0.6031556388174651,0,-0.7976235173079439],"min":[0.13370285691649014,0.0002595529949758202,-0.29678763967590316],"max":[0.1936646788999652,0.05025960132479668,-0.2409870898699408]},"baseIds":[12],"sourcePartIds":[9],"articulationIds":[6]},{"pid":9,"label":"gas lift piece","name":"gas lift piece 1","obb":{"centroid":[-1.5506874742610144e-9,0.28247250616550446,-0.018897852546253202],"axesLengths":[0.07713704222821754,0.3364950120449066,0.07411129293537215],"normalizedAxes":[-0.18771605618550752,0,0.982223336237823,0,1,0,-0.982223336237823,0,-0.18771605618550752],"metadata":{"constrainVertical":true},"min":[-0.043636852927075365,0.11422500014305115,-0.06373669384303049],"max":[0.043636849825700416,0.45072001218795776,0.025940988750524092]},"baseIds":[1],"childIds":[2],"sourcePartIds":[11,18,19],"articulationIds":[7]},{"pid":10,"label":"caster","name":"caster 1","obb":{"centroid":[0.003987284972453025,0.04694264940917492,0.2835242599627584],"axesLengths":[0.07271835997434986,0.032903898507356644,0.030378588995780404],"normalizedAxes":[0.999933070413754,0,0.011569558890569789,0,1,0,-0.01156955889056979,0,0.9999330704137542],"metadata":{"constrainVertical":true},"min":[-0.032545194947048675,0.030490700155496597,0.26791532240398985],"max":[0.04051976489195472,0.06339459866285324,0.2991331975215269]},"baseIds":[1],"childIds":[5],"sourcePartIds":[10],"articulationIds":[8]},{"pid":11,"label":"caster","name":"caster 2","obb":{"centroid":[0.2774922985372183,0.04694264940917492,0.07039352479435988],"axesLengths":[0.07271784281119857,0.032903898507356644,0.03037839691211545],"normalizedAxes":[-0.3199959613239185,0,0.9474189066808733,0,1,0,-0.9474189066808733,0,-0.3199959613239185],"metadata":{"constrainVertical":true},"min":[0.25146705673473574,0.030490700155496597,0.03108591306648524],"max":[0.30351754033970085,0.06339459866285324,0.10970113652223452]},"baseIds":[1],"childIds":[4],"sourcePartIds":[11],"articulationIds":[9]},{"pid":12,"label":"caster","name":"caster 3","obb":{"centroid":[0.16748486013346653,0.04694264940917492,-0.2657276996327534],"axesLengths":[0.07271893385671484,0.032903898507356644,0.030378380690933945],"normalizedAxes":[-0.8021611683685991,0,-0.5971075782147838,0,1,0,0.5971075782147838,0,-0.8021611683685991],"metadata":{"constrainVertical":true},"min":[0.12924912699873076,0.030490700155496597,-0.2996223915496182],"max":[0.2057205932682023,0.06339459866285324,-0.23183300771588855]},"baseIds":[1],"childIds":[8],"sourcePartIds":[12],"articulationIds":[10]},{"pid":13,"label":"caster","name":"caster 4","obb":{"centroid":[-0.17402741721008577,0.04694264940917492,-0.2611805499125642],"axesLengths":[0.07271883372016313,0.032903898507356644,0.030378552880800685],"normalizedAxes":[-0.8157605096185218,0,0.5783898261094587,0,1,0,-0.5783898261094587,0,-0.8157605096185218],"metadata":{"constrainVertical":true},"min":[-0.21247331659638985,0.030490700155496597,-0.29460127859746565],"max":[-0.1355815178237817,0.06339459866285324,-0.2277598212276627]},"baseIds":[1],"childIds":[7],"sourcePartIds":[13],"articulationIds":[11]},{"pid":14,"label":"caster","name":"caster 5","obb":{"centroid":[-0.2750737926640469,0.04694264940917492,0.07866452185938412],"axesLengths":[0.07271826983507361,0.032903898507356644,0.030378516564643847],"normalizedAxes":[0.2979921456405043,0,0.9545683218798792,0,1,0,-0.9545683218798792,0,0.2979921456405043],"metadata":{"constrainVertical":true},"min":[-0.3004077140809124,0.030490700155496597,0.039430963789909984],"max":[-0.24973987124718144,0.06339459866285324,0.11789807992885826]},"baseIds":[1],"childIds":[6],"sourcePartIds":[14],"articulationIds":[12]}],"sourceParts":[null,{"pid":1,"label":"arm","name":"arm 1","obb":{"centroid":[0.235773004591465,0.5667970180511475,-0.013976000249385834],"axesLengths":[0.3502360135316849,0.3041880130767822,0.1484539955854416],"normalizedAxes":[0,0,1,0,1,0,-1,0,0],"metadata":{"constrainVertical":true},"min":[0.1615460067987442,0.41470301151275635,-0.18909400701522827],"max":[0.3100000023841858,0.7188910245895386,0.1611420065164566]}},{"pid":2,"label":"arm","name":"arm 2","obb":{"centroid":[-0.235773004591465,0.5667970180511475,-0.013976000249385834],"axesLengths":[0.3502360135316849,0.3041880130767822,0.1484539955854416],"normalizedAxes":[0,0,1,0,1,0,-1,0,0],"metadata":{"constrainVertical":true},"min":[-0.3100000023841858,0.41470301151275635,-0.18909400701522827],"max":[-0.1615460067987442,0.7188910245895386,0.1611420065164566]}},{"pid":3,"label":"seat","name":"seat 1","obb":{"centroid":[-4.14378674561015e-8,0.4866278913777395,-0.012138830072372746],"axesLengths":[0.49924999544075754,0.5182629547107832,0.09191809441014297],"normalizedAxes":[-0.9999999999998606,-2.203311171675126e-8,5.277030127604235e-7,5.281470004943758e-7,-0.03399081044880839,0.9994221454444336,-4.083326702767766e-9,0.9994221454445728,0.03399081044881528],"metadata":{"constrainVertical":false},"min":[-0.2496251762053897,0.4318873073893363,-0.272682884112903],"max":[0.24962509332965482,0.5413684753661427,0.24840522396815748]},"baseIds":[19],"childIds":[12,4,2,1]},{"pid":4,"label":"back","name":"back 1","obb":{"centroid":[2.8485626490404615e-8,0.7962949997031172,-0.23000145667270705],"axesLengths":[0.506389975545862,0.48947783039140863,0.1251610530781137],"normalizedAxes":[-0.9999999999961915,0.0000027566279307631846,-1.3615296812972212e-7,0.0000027599728228385115,0.9989418769581663,-0.04599050392937891,9.230193855330107e-9,-0.045990503929579526,-0.99894187696197],"metadata":{"constrainVertical":false},"min":[-0.25319563533672523,0.5489362404767301,-0.30377146582912995],"max":[0.25319569230797817,1.0436537589295045,-0.15623144751628415]},"baseIds":[12]},{"pid":5,"label":"wheel","name":"wheel 1","obb":{"centroid":[0.2790089157069972,0.025259584668674506,0.0658795236838393],"axesLengths":[0.05275765858791136,0.05000003331224434,0.029950807952251295],"normalizedAxes":[-0.2979878418982032,0,0.9545696653889917,0,1,0,-0.9545696653889917,0,-0.2979878418982032],"metadata":{"constrainVertical":true},"min":[0.256853278931335,0.00025956801255233586,0.03623660511895524],"max":[0.3011645524826594,0.05025960132479668,0.09552244224872336]},"baseIds":[14]},{"pid":6,"label":"wheel","name":"wheel 2","obb":{"centroid":[0.008753250353038311,0.025259589165216312,0.2834869921207428],"axesLengths":[0.05027850158512592,0.05000002431916073,0.031058013439178467],"normalizedAxes":[1,0,0,0,1,0,0,0,1],"metadata":{"constrainVertical":true},"min":[-0.01638600043952465,0.000259577005635947,0.26795798540115356],"max":[0.03389250114560127,0.05025960132479668,0.29901599884033203]},"baseIds":[13]},{"pid":7,"label":"wheel","name":"wheel 3","obb":{"centroid":[-0.2735989465889165,0.025259585163439624,0.08320913510829739],"axesLengths":[0.05275814270014106,0.050000032322714105,0.029950715676004616],"normalizedAxes":[-0.29798401664531715,0,-0.9545708595090903,0,1,0,0.9545708595090903,0,-0.29798401664531715],"metadata":{"constrainVertical":true},"min":[-0.29575452842806194,0.0002595690020825714,0.053566025017340084],"max":[-0.251443364749771,0.05025960132479668,0.11285224519925469]},"baseIds":[17]},{"pid":8,"label":"wheel","name":"wheel 4","obb":{"centroid":[-0.17784655607603142,0.02525957715988625,-0.25817708051272775],"axesLengths":[0.05202005342593638,0.050000048329820856,0.030621226103755454],"normalizedAxes":[-0.7976185571071583,0,0.6031621982172745,0,1,0,-0.6031621982172746,0,-0.7976185571071586],"metadata":{"constrainVertical":true},"min":[-0.2078274190775724,0.0002595529949758202,-0.2860773744914764],"max":[-0.14786569307449043,0.05025960132479668,-0.2302767865339791]},"baseIds":[16]},{"pid":9,"label":"wheel","name":"wheel 5","obb":{"centroid":[0.16368376790822767,0.02525957715988625,-0.26888736477292197],"axesLengths":[0.05201983231437141,0.050000048329820856,0.03062158284605907],"normalizedAxes":[-0.7976235173079437,0,-0.603155638817465,0,1,0,0.6031556388174651,0,-0.7976235173079439],"metadata":{"constrainVertical":true},"min":[0.13370285691649014,0.0002595529949758202,-0.29678763967590316],"max":[0.1936646788999652,0.05025960132479668,-0.2409870898699408]},"baseIds":[15]},{"pid":10,"label":"base","name":"base 1","obb":{"centroid":[-0.01239255687849522,0.08848084881901741,-0.04284685831714516],"axesLengths":[0.5963395649119952,0.051488302648067474,0.5772017371559465],"normalizedAxes":[-0.8349250452331549,0,0.5503636696243805,0,1,0,-0.5503636696243805,0,-0.8349250452331549],"metadata":{"constrainVertical":true},"min":[-0.4201774090700859,0.06273669749498367,-0.4479087672125234],"max":[0.39539229531309544,0.11422500014305115,0.362215050578233]}},{"pid":11,"label":"gas lift piece","name":"gas lift piece 1","obb":{"centroid":[-1.5506874742610144e-9,0.1991405040025711,-0.018897852546253202],"axesLengths":[0.07713704222821754,0.16983100771903992,0.07411129293537215],"normalizedAxes":[-0.18771605618550752,0,0.982223336237823,0,1,0,-0.982223336237823,0,-0.18771605618550752],"metadata":{"constrainVertical":true},"min":[-0.043636852927075365,0.11422500014305115,-0.06373669384303049],"max":[0.043636849825700416,0.28405600786209106,0.025940988750524092]},"baseIds":[10],"childIds":[18,19,3]},{"pid":12,"label":"back support","name":"back support 1","obb":{"centroid":[0.00013832465447931368,0.5887932676918142,-0.25715271361389297],"axesLengths":[0.08292414984724168,0.3525733342920342,0.08894796245044895],"normalizedAxes":[0.9999797686041265,-0.00153628588185439,0.006172698609762141,-0.002341043503716608,-0.9911717848901365,0.13256323907107512,0.0059145496659890225,-0.13257500768768796,-0.9911553286134611],"metadata":{"constrainVertical":false},"min":[-0.041998649761204904,0.4081030611611892,-0.32485840158408863],"max":[0.04227529907016353,0.7694834742224391,-0.1894470256436973]}},{"pid":13,"label":"caster","name":"caster 1","obb":{"centroid":[0.003987284972453025,0.04694264940917492,0.2835242599627584],"axesLengths":[0.07271835997434986,0.032903898507356644,0.030378588995780404],"normalizedAxes":[0.999933070413754,0,0.011569558890569789,0,1,0,-0.01156955889056979,0,0.9999330704137542],"metadata":{"constrainVertical":true},"min":[-0.032545194947048675,0.030490700155496597,0.26791532240398985],"max":[0.04051976489195472,0.06339459866285324,0.2991331975215269]},"baseIds":[10],"childIds":[6]},{"pid":14,"label":"caster","name":"caster 2","obb":{"centroid":[0.2774922985372183,0.04694264940917492,0.07039352479435988],"axesLengths":[0.07271784281119857,0.032903898507356644,0.03037839691211545],"normalizedAxes":[-0.3199959613239185,0,0.9474189066808733,0,1,0,-0.9474189066808733,0,-0.3199959613239185],"metadata":{"constrainVertical":true},"min":[0.25146705673473574,0.030490700155496597,0.03108591306648524],"max":[0.30351754033970085,0.06339459866285324,0.10970113652223452]},"baseIds":[10],"childIds":[5]},null,null,null,{"pid":18,"label":"gas lift piece","name":"gas lift piece 2","obb":{"centroid":[5.864385223958157e-9,0.3074194937944412,-0.018897881219030084],"axesLengths":[0.0422374854189956,0.04643699526786804,0.04058064989942759],"normalizedAxes":[0.18770673938060492,0,-0.982225116758425,0,1,0,0.982225116758425,0,0.18770673938060492],"metadata":{"constrainVertical":true},"min":[-0.02389379126223155,0.2842009961605072,-0.043449871479941414],"max":[0.023893802991001998,0.33063799142837524,0.005654109041881246]}},{"pid":19,"label":"gas lift piece","name":"gas lift piece 3","obb":{"centroid":[4.173945872959495e-9,0.3907034993171692,-0.018897886808253366],"axesLengths":[0.050111532786754405,0.12003302574157715,0.04814586304908931],"normalizedAxes":[-0.1877117642347474,0,0.9822241564774705,0,1,0,-0.9822241564774707,0,-0.18771176423474745],"metadata":{"constrainVertical":true},"min":[-0.028348272800644447,0.3306869864463806,-0.04802703826565939],"max":[0.028348281148536193,0.45072001218795776,0.010231264649152656]}}],"connectivityGraph":[[],[9,10,11,12,13,14],[9,3],[2],[11],[10],[14],[13],[12],[2,1],[5,1],[4,1],[8,1],[7,1],[6,1]],"articulations":[{"pid":2,"type":"Translation","axis":[0,1,0],"origin":[-0.0006612018783845874,0.48143652081489563,-0.012038486080212785],"rangeMin":-0.060016512870788574,"rangeMax":0.060016512870788574,"base":[9],"value":0},{"pid":3,"type":"Translation","axis":[0,0,-1],"origin":[0,0.7962155342102051,-0.232573501765728],"rangeMin":-0.0011159952878952,"rangeMax":0.0468840047121048,"base":[2],"value":0},{"pid":4,"type":"Central Rotation","axis":[-0.9545696653889917,0,-0.2979878418982032],"origin":[0.2790089157069972,0.025259584668674506,0.0658795236838393],"rangeMin":-3.141592653589793,"rangeMax":3.141592653589793,"base":[11],"value":0},{"pid":5,"type":"Central Rotation","axis":[0,0,1],"origin":[0.008753250353038311,0.025259589165216312,0.2834869921207428],"rangeMin":-3.141592653589793,"rangeMax":3.141592653589793,"base":[10],"value":0},{"pid":6,"type":"Central Rotation","axis":[0.9545708595090903,0,-0.29798401664531715],"origin":[-0.2735989465889165,0.025259585163439624,0.08320913510829739],"rangeMin":-3.141592653589793,"rangeMax":3.141592653589793,"base":[14],"value":0},{"pid":7,"type":"Central Rotation","axis":[-0.6031621982172745,0,-0.7976185571071583],"origin":[-0.17784655607603142,0.02525957715988625,-0.25817708051272775],"rangeMin":-3.141592653589793,"rangeMax":3.141592653589793,"base":[13],"value":0},{"pid":8,"type":"Central Rotation","axis":[0.6031556388174651,0,-0.7976235173079439],"origin":[0.16368376790822767,0.02525957715988625,-0.26888736477292197],"rangeMin":-3.141592653589793,"rangeMax":3.141592653589793,"base":[12],"value":0},{"pid":9,"type":"Central Rotation","axis":[0,1,0],"origin":[-1.5506874742610144e-9,0.1991405040025711,-0.018897852546253202],"rangeMin":-3.141592653589793,"rangeMax":3.141592653589793,"base":[1],"value":0},{"pid":10,"type":"Central Rotation","axis":[0,1,0],"origin":[-0.017370465453642785,0.04694264940917492,0.2832771436720425],"rangeMin":-3.141592653589793,"rangeMax":3.141592653589793,"base":[1],"value":0},{"pid":11,"type":"Central Rotation","axis":[0,1,0],"origin":[0.27404881776393314,0.0474907001554966,0.08430500426129597],"rangeMin":-3.141592653589793,"rangeMax":3.141592653589793,"base":[1],"value":0},{"pid":12,"type":"Central Rotation","axis":[0,1,0],"origin":[0.18542075624881676,0.04694264940917492,-0.25237669248498834],"rangeMin":-3.141592653589793,"rangeMax":3.141592653589793,"base":[1],"value":0},{"pid":13,"type":"Central Rotation","axis":[0,1,0],"origin":[-0.15578748791753266,0.04694264940917492,-0.2741130091421757],"rangeMin":-3.141592653589793,"rangeMax":3.141592653589793,"base":[1],"value":0},{"pid":14,"type":"Central Rotation","axis":[0,1,0],"origin":[-0.2812476877765576,0.04694264940917492,0.058887474768614584],"rangeMin":-3.141592653589793,"rangeMax":3.141592653589793,"base":[1],"value":0}]}