{"version":"articulated-parts@0.0.1","modelId":"p5d.s__1504","metadata":{"connectivity":{"minDist":0.001,"maxDist":0.05,"minConnDist":0.001,"maxConnDist":0.05,"maxConnRelDist":0,"partsAnnId":26470,"condensed":true}},"parts":[null,{"pid":1,"label":"static","name":"static","obb":{"centroid":[0,0.0565090412274003,0.010337501764297485],"axesLengths":[0.6075599789619446,0.09736992232501507,0.5752390027046204],"normalizedAxes":[1,0,0,0,1,0,0,0,1],"metadata":{"constrainVertical":true},"min":[-0.3037799894809723,0.007824080064892769,-0.2772819995880127],"max":[0.3037799894809723,0.10519400238990784,0.29795700311660767]},"sourcePartIds":[1]},{"pid":2,"label":"caster","name":"caster 1","obb":{"centroid":[0.1726880817683915,0.03431604988873005,-0.2535004614759138],"axesLengths":[0.05349521877269868,0.034522298723459244,0.033555813063270906],"normalizedAxes":[0.5911578049697869,0,-0.8065559184726769,0,1,0,0.8065559184726769,0,0.5911578049697869],"min":[0.14334370390269602,0.017054900527000427,-0.28499229452869906],"max":[0.202032459634087,0.05157719925045967,-0.22200862842312857]},"baseIds":[1],"sourcePartIds":[1],"articulationIds":[0]},{"pid":3,"label":"caster","name":"caster 2","obb":{"centroid":[-0.17268820881031688,0.03431604988873005,-0.25350041136257684],"axesLengths":[0.05349514940959825,0.034522298723459244,0.03355571078612433],"normalizedAxes":[0.5911542866000625,0,0.8065584972178839,0,1,0,-0.8065584972178839,0,0.5911542866000625],"min":[-0.20203247408558148,0.017054900527000427,-0.28499219615626736],"max":[-0.14334394353505228,0.05157719925045967,-0.2220086265688863]},"baseIds":[1],"sourcePartIds":[2],"articulationIds":[1]},{"pid":4,"label":"caster","name":"caster 3","obb":{"centroid":[-0.2794399185597632,0.03431604988873005,0.07210891907322665],"axesLengths":[0.05370618354651918,0.034522298723459244,0.03339123906468416],"normalizedAxes":[0.9518477292364049,0,-0.30657119947493344,0,1,0,0.3065711994749335,0,0.9518477292364051],"min":[-0.31011836909312435,0.017054900527000427,0.047984846978633214],"max":[-0.24876146802640203,0.05157719925045967,0.0962329911678201]},"baseIds":[1],"sourcePartIds":[3],"articulationIds":[2]},{"pid":5,"label":"backrest","name":"backrest 1","obb":{"centroid":[7.631115634014905e-10,0.6969202717894134,-0.23181289307191896],"axesLengths":[0.4534280002117157,0.6762085872101253,0.10533973156563829],"normalizedAxes":[-1,1.748816396399319e-8,3.528249406098898e-9,1.6936409212357885e-8,0.9927311450924968,-0.12035312028917305,-5.607358174283732e-9,-0.12035312028917294,-0.9927311450924967],"min":[-0.22671400536435776,0.354934622581184,-0.32479181676080465],"max":[0.2267140068905809,1.0389059209976428,-0.13883396938303327]},"baseIds":[6],"sourcePartIds":[8],"articulationIds":[3]},{"pid":6,"label":"seat","name":"seat 1","obb":{"centroid":[0,0.4753524959087372,0.018361002206802368],"axesLengths":[0.5735120177268982,0.22046297788619995,0.5416380167007446],"normalizedAxes":[1,0,0,0,1,0,0,0,1],"metadata":{"constrainVertical":true},"min":[-0.2867560088634491,0.3651210069656372,-0.25245800614356995],"max":[0.2867560088634491,0.5855839848518372,0.2891800105571747]},"baseIds":[9],"childIds":[5],"sourcePartIds":[9,5,26,7,24,23,22,21,4,25,6,20,19,18,17],"articulationIds":[4]},{"pid":7,"label":"wheel","name":"wheel 1","obb":{"centroid":[0.2768285310232935,0.019832543317044316,0.07126754771307525],"axesLengths":[0.04901787531405813,0.03966511183268917,0.04185794821031394],"normalizedAxes":[-0.3114833270056346,0,0.9502516177294839,0,1,0,-0.9502516177294839,0,-0.3114833270056346],"min":[0.24930661407966453,-1.2599300269755531e-8,0.04145886357056325],"max":[0.3043504479669225,0.0396650992333889,0.10107623185558726]},"baseIds":[1],"sourcePartIds":[13],"articulationIds":[5]},{"pid":8,"label":"wheel","name":"wheel 2","obb":{"centroid":[0.17108932663571008,0.01983253633534421,-0.2513194582419507],"axesLengths":[0.04925960959788083,0.039665125796089384,0.041652012820925864],"normalizedAxes":[-0.8114636493271234,0,-0.5844028968277856,0,1,0,0.5844028968277856,0,-0.8114636493271234],"min":[0.13893235687571862,-2.6562700483623303e-8,-0.2826127346774987],"max":[0.20324629639570155,0.0396650992333889,-0.22002618180640268]},"baseIds":[1],"sourcePartIds":[14],"articulationIds":[6]},{"pid":9,"label":"gas lift piece","name":"gas lift piece 2","obb":{"centroid":[0,0.2316327467560768,0.0008395016193389893],"axesLengths":[0.2659350037574768,0.26894448697566986,0.07649260014295578],"normalizedAxes":[0,0,1,0,1,0,-1,0,0],"metadata":{"constrainVertical":true},"min":[-0.03824630007147789,0.09716050326824188,-0.13212800025939941],"max":[0.03824630007147789,0.36610499024391174,0.1338070034980774]},"baseIds":[1],"childIds":[6,13,14],"sourcePartIds":[15,16,11,10],"articulationIds":[7]},{"pid":10,"label":"wheel","name":"wheel 3","obb":{"centroid":[-0.17108949665557513,0.019832536383294297,-0.25131900117946354],"axesLengths":[0.04926041974324133,0.03966512570018921,0.04165226283981355],"normalizedAxes":[0.8114573779861489,0,-0.5844116047032643,0,1,0,0.5844116047032643,0,0.8114573779861489],"min":[-0.20324689506011778,-2.64668003069346e-8,-0.28261269965030805],"max":[-0.13893209825103248,0.0396650992333889,-0.22002530270861903]},"baseIds":[1],"sourcePartIds":[27],"articulationIds":[8]},{"pid":11,"label":"wheel","name":"wheel 4","obb":{"centroid":[-0.27682844939245504,0.019832543394594282,0.07126794576669399],"axesLengths":[0.04901787885161745,0.03966511167758924,0.04185745813992754],"normalizedAxes":[-0.31146740184651406,0,-0.9502568376954633,0,1,0,0.9502568376954633,0,-0.31146740184651406],"min":[-0.30434985298043415,-1.2444200336858557e-8,0.0414595416252841],"max":[-0.24930704580447594,0.0396650992333889,0.10107634990810388]},"baseIds":[1],"sourcePartIds":[28],"articulationIds":[9]},{"pid":12,"label":"wheel","name":"wheel 5","obb":{"centroid":[0,0.019832547940854428,0.27063749730587006],"axesLengths":[0.04940839856863022,0.039665102585068945,0.041527003049850464],"normalizedAxes":[1,0,0,0,1,0,0,0,1],"min":[-0.02470419928431511,-3.3516800446165007e-9,0.24987399578094482],"max":[0.02470419928431511,0.0396650992333889,0.2914009988307953]},"baseIds":[1],"sourcePartIds":[29],"articulationIds":[10]},{"pid":13,"label":"lever","name":"lever 1","obb":{"centroid":[-0.10468841680803054,0.3197546991410232,-0.0020823000472972924],"axesLengths":[0.17009492504260754,0.009211482703281364,0.04389599896967411],"normalizedAxes":[0.9607741944957328,0.2773318358773025,5.167908812656534e-9,0.2773318358773022,-0.960774194495733,1.6307318627947327e-9,5.417447288039961e-9,-1.3353945325460978e-10,-1],"min":[-0.18767714292937082,0.2917432527831748,-0.02403029997916261],"max":[-0.02169969068669024,0.34776614549887164,0.019865699884568024]},"baseIds":[9],"sourcePartIds":[30],"articulationIds":[11]},{"pid":14,"label":"knob","name":"knob 1","obb":{"centroid":[-4.536304919136737e-8,0.30753685572219774,0.10782809596932491],"axesLengths":[0.050468798726637995,0.05019174846671123,0.05007856246431404],"normalizedAxes":[-0.9999999999968474,0.0000024368381362240063,6.049992919839656e-7,0.0000018266660728000266,0.8714004968333368,-0.4905722924455448,-0.000001722641954424785,-0.4905722924428933,-0.8714004968350413],"min":[-0.025234533701787024,0.27338465935945644,0.07369749804285486],"max":[0.02523444297568864,0.34168905208493905,0.14195869389579496]},"baseIds":[9],"sourcePartIds":[31],"articulationIds":[12]},{"pid":15,"label":"caster","name":"caster 4","obb":{"centroid":[0,0.03431604988873005,0.2734000086784363],"axesLengths":[0.05320000648498535,0.034522298723459244,0.03365740180015564],"normalizedAxes":[0,0,1,0,1,0,-1,0,0],"min":[-0.01682870090007782,0.017054900527000427,0.2468000054359436],"max":[0.01682870090007782,0.05157719925045967,0.30000001192092896]},"baseIds":[1],"sourcePartIds":[32],"articulationIds":[13]},{"pid":16,"label":"caster","name":"caster 5","obb":{"centroid":[0.27943994968227437,0.03431604988873005,0.07210874297944554],"axesLengths":[0.05370623226910236,0.034522298723459244,0.03339121595754541],"normalizedAxes":[0.9518480979212295,0,0.3065700547733542,0,1,0,-0.30657005477335425,0,0.9518480979212297],"min":[0.24876148871381715,0.017054900527000427,0.047984698997007635],"max":[0.3101184106507316,0.05157719925045967,0.09623278696188345]},"baseIds":[1],"sourcePartIds":[33],"articulationIds":[14]}],"sourceParts":[null,{"pid":1,"label":"caster","name":"caster 1","obb":{"centroid":[0.1726880817683915,0.03431604988873005,-0.2535004614759138],"axesLengths":[0.05349521877269868,0.034522298723459244,0.033555813063270906],"normalizedAxes":[0.5911578049697869,0,-0.8065559184726769,0,1,0,0.8065559184726769,0,0.5911578049697869],"metadata":{"constrainVertical":true},"min":[0.14334370390269602,0.017054900527000427,-0.28499229452869906],"max":[0.202032459634087,0.05157719925045967,-0.22200862842312857]},"baseIds":[12]},{"pid":2,"label":"caster","name":"caster 2","obb":{"centroid":[-0.17268820881031688,0.03431604988873005,-0.25350041136257684],"axesLengths":[0.05349514940959825,0.034522298723459244,0.03355571078612433],"normalizedAxes":[0.5911542866000625,0,0.8065584972178839,0,1,0,-0.8065584972178839,0,0.5911542866000625],"metadata":{"constrainVertical":true},"min":[-0.20203247408558148,0.017054900527000427,-0.28499219615626736],"max":[-0.14334394353505228,0.05157719925045967,-0.2220086265688863]},"baseIds":[12]},{"pid":3,"label":"caster","name":"caster 3","obb":{"centroid":[-0.2794399185597632,0.03431604988873005,0.07210891907322665],"axesLengths":[0.05370618354651918,0.034522298723459244,0.03339123906468416],"normalizedAxes":[0.9518477292364049,0,-0.30657119947493344,0,1,0,0.3065711994749335,0,0.9518477292364051],"metadata":{"constrainVertical":true},"min":[-0.31011836909312435,0.017054900527000427,0.047984846978633214],"max":[-0.24876146802640203,0.05157719925045967,0.0962329911678201]},"baseIds":[12]},{"pid":4,"label":"arm support","name":"arm support 1","obb":{"centroid":[0.24344050139188766,0.4646205008029938,-0.045579999685287476],"axesLengths":[0.36399000883102417,0.17666500806808472,0.02084900438785553],"normalizedAxes":[0,0,1,0,1,0,-1,0,0],"metadata":{"constrainVertical":true},"min":[0.2330159991979599,0.3762879967689514,-0.22757500410079956],"max":[0.25386500358581543,0.5529530048370361,0.1364150047302246]}},{"pid":5,"label":"arm support","name":"arm support 2","obb":{"centroid":[-0.24344050139188766,0.4646205008029938,-0.045579999685287476],"axesLengths":[0.36399000883102417,0.17666500806808472,0.02084900438785553],"normalizedAxes":[0,0,1,0,1,0,-1,0,0],"metadata":{"constrainVertical":true},"min":[-0.25386500358581543,0.3762879967689514,-0.22757500410079956],"max":[-0.2330159991979599,0.5529530048370361,0.1364150047302246]}},{"pid":6,"label":"armrest","name":"armrest 1","obb":{"centroid":[0.2562743348468471,0.5640598324798135,-0.043494137654490256],"axesLengths":[0.061231804978866204,0.4172422083861066,0.04132748800172069],"normalizedAxes":[0.9999982090885815,0.001694130568556618,0.0008436475839438821,-0.0007616305144430656,-0.0478428915645952,0.998854582832605,0.0017325526221969455,-0.9988534365202711,-0.04784151558067798],"metadata":{"constrainVertical":false},"min":[0.22546379396502,0.5333868765708933,-0.2528906975160577],"max":[0.28708487572867414,0.5947327883887337,0.16590242220707718]}},{"pid":7,"label":"armrest","name":"armrest 2","obb":{"centroid":[-0.25639206758829575,0.5641228287824578,-0.04347264921659646],"axesLengths":[0.06179541066487977,0.4173115058235499,0.04130544606913136],"normalizedAxes":[0.9999755873842939,0.0067601495749482965,-0.0017677706752840484,-0.002098621691631471,0.04925172865070865,-0.9987841924119106,-0.006664864772182686,0.9987635193591332,0.04926471328372091],"metadata":{"constrainVertical":false},"min":[-0.2878645557222762,0.5330101128067155,-0.25294678741692905],"max":[-0.22491957945431526,0.5952355447582001,0.16600148898373612]}},{"pid":8,"label":"backrest","name":"backrest 1","obb":{"centroid":[7.631115634014905e-10,0.6969202717894134,-0.23181289307191896],"axesLengths":[0.4534280002117157,0.6762085872101253,0.10533973156563829],"normalizedAxes":[-1,1.748816396399319e-8,3.528249406098898e-9,1.6936409212357885e-8,0.9927311450924968,-0.12035312028917305,-5.607358174283732e-9,-0.12035312028917294,-0.9927311450924967],"metadata":{"constrainVertical":false},"min":[-0.22671400536435776,0.354934622581184,-0.32479181676080465],"max":[0.2267140068905809,1.0389059209976428,-0.13883396938303327]},"baseIds":[9]},{"pid":9,"label":"seat","name":"seat 1","obb":{"centroid":[0,0.4065764993429184,0.05126550793647766],"axesLengths":[0.47582900524139404,0.08291098475456238,0.4646959900856018],"normalizedAxes":[0,0,1,0,1,0,-1,0,0],"metadata":{"constrainVertical":true},"min":[-0.2323479950428009,0.3651210069656372,-0.18664899468421936],"max":[0.2323479950428009,0.4480319917201996,0.2891800105571747]},"baseIds":[10],"childIds":[8,5,26,7,24,23,22,21,4,25,6,20,19,18,17]},{"pid":10,"label":"gas lift mechanism","name":"gas lift mechanism 1","obb":{"centroid":[0,0.33521799743175507,0.0008395016193389893],"axesLengths":[0.2659350037574768,0.061773985624313354,0.07649260014295578],"normalizedAxes":[0,0,1,0,1,0,-1,0,0],"metadata":{"constrainVertical":true},"min":[-0.03824630007147789,0.3043310046195984,-0.13212800025939941],"max":[0.03824630007147789,0.36610499024391174,0.1338070034980774]}},{"pid":11,"label":"gas lift piece","name":"gas lift piece 1","obb":{"centroid":[-4.6226563712309376e-8,0.28872050344944,-0.017893309360355034],"axesLengths":[0.029722237783774287,0.0625009834766388,0.029462449158700547],"normalizedAxes":[-0.9250589926034585,0,-0.3798234592590016,0,1,0,0.3798234592590017,0,-0.9250589926034587],"metadata":{"constrainVertical":true},"min":[-0.019342722576503112,0.2574700117111206,-0.03716516271551998],"max":[0.019342630123375688,0.3199709951877594,0.0013785439948099144]}},null,{"pid":13,"label":"wheel","name":"wheel 1","obb":{"centroid":[0.2768285310232935,0.019832543317044316,0.07126754771307525],"axesLengths":[0.04901787531405813,0.03966511183268917,0.04185794821031394],"normalizedAxes":[-0.3114833270056346,0,0.9502516177294839,0,1,0,-0.9502516177294839,0,-0.3114833270056346],"metadata":{"constrainVertical":true},"min":[0.24930661407966453,-1.2599300269755531e-8,0.04145886357056325],"max":[0.3043504479669225,0.0396650992333889,0.10107623185558726]},"baseIds":[12]},{"pid":14,"label":"wheel","name":"wheel 2","obb":{"centroid":[0.17108932663571008,0.01983253633534421,-0.2513194582419507],"axesLengths":[0.04925960959788083,0.039665125796089384,0.041652012820925864],"normalizedAxes":[-0.8114636493271234,0,-0.5844028968277856,0,1,0,0.5844028968277856,0,-0.8114636493271234],"metadata":{"constrainVertical":true},"min":[0.13893235687571862,-2.6562700483623303e-8,-0.2826127346774987],"max":[0.20324629639570155,0.0396650992333889,-0.22002618180640268]},"baseIds":[12]},{"pid":15,"label":"gas lift piece","name":"gas lift piece 2","obb":{"centroid":[1.3089108911318315e-9,0.1397012546658516,-0.017893296272549243],"axesLengths":[0.06029778235240405,0.08508150279521942,0.05977069881359609],"normalizedAxes":[-0.9250595349205669,0,0.37982213844448864,0,1,0,-0.37982213844448875,0,-0.9250595349205671],"metadata":{"constrainVertical":true},"min":[-0.039240635260768104,0.09716050326824188,-0.05699024001401572],"max":[0.03924063787858988,0.1822420060634613,0.02120364746891723]},"baseIds":[12],"childIds":[16,11,10,9,30,31]},{"pid":16,"label":"gas lift piece","name":"gas lift piece 3","obb":{"centroid":[4.165629973081064e-8,0.22089650481939316,-0.017893280697854924],"axesLengths":[0.04790630036946664,0.08024300634860992,0.04748755641236352],"normalizedAxes":[-0.9250588529766737,0,-0.37982379931947524,0,1,0,0.37982379931947524,0,-0.9250588529766737],"metadata":{"constrainVertical":true},"min":[-0.031176484027238584,0.1807750016450882,-0.04895564943943336],"max":[0.031176567339838042,0.2610180079936981,0.013169088043723513]}},{"pid":17,"label":"screw","name":"screw 1","obb":{"centroid":[0.23997849971055984,0.5233210027217865,-0.2143455073237419],"axesLengths":[0.03592298924922943,0.012067973613739014,0.012014999985694885],"normalizedAxes":[1,0,0,0,1,0,0,0,1],"metadata":{"constrainVertical":true},"min":[0.22201700508594513,0.517287015914917,-0.22035300731658936],"max":[0.25793999433517456,0.529354989528656,-0.20833800733089447]}},{"pid":18,"label":"screw","name":"screw 2","obb":{"centroid":[0.23997849971055984,0.465022012591362,-0.20675000548362732],"axesLengths":[0.03592298924922943,0.012068003416061401,0.012015998363494873],"normalizedAxes":[1,0,0,0,1,0,0,0,1],"metadata":{"constrainVertical":true},"min":[0.22201700508594513,0.4589880108833313,-0.21275800466537476],"max":[0.25793999433517456,0.4710560142993927,-0.20074200630187988]}},{"pid":19,"label":"screw","name":"screw 3","obb":{"centroid":[0.24673649668693542,0.3851505070924759,-0.11156050115823746],"axesLengths":[0.012014999985694885,0.01206699013710022,0.009070992469787598],"normalizedAxes":[0,0,1,0,1,0,-1,0,0],"metadata":{"constrainVertical":true},"min":[0.24220100045204163,0.3791170120239258,-0.1175680011510849],"max":[0.2512719929218292,0.391184002161026,-0.10555300116539001]}},{"pid":20,"label":"screw","name":"screw 4","obb":{"centroid":[0.24673649668693542,0.3851505070924759,0.008302635164000094],"axesLengths":[0.01201533037237823,0.01206699013710022,0.009070992469787598],"normalizedAxes":[0,0,1,0,1,0,-1,0,0],"metadata":{"constrainVertical":true},"min":[0.24220100045204163,0.3791170120239258,0.002294969977810979],"max":[0.2512719929218292,0.391184002161026,0.014310300350189209]}},{"pid":21,"label":"screw","name":"screw 5","obb":{"centroid":[-0.23997849971055984,0.5233210027217865,-0.2143455073237419],"axesLengths":[0.03592298924922943,0.012067973613739014,0.012014999985694885],"normalizedAxes":[1,0,0,0,1,0,0,0,1],"metadata":{"constrainVertical":true},"min":[-0.25793999433517456,0.517287015914917,-0.22035300731658936],"max":[-0.22201700508594513,0.529354989528656,-0.20833800733089447]}},{"pid":22,"label":"screw","name":"screw 6","obb":{"centroid":[-0.23997849971055984,0.465022012591362,-0.20675000548362732],"axesLengths":[0.03592298924922943,0.012068003416061401,0.012015998363494873],"normalizedAxes":[1,0,0,0,1,0,0,0,1],"metadata":{"constrainVertical":true},"min":[-0.25793999433517456,0.4589880108833313,-0.21275800466537476],"max":[-0.22201700508594513,0.4710560142993927,-0.20074200630187988]}},{"pid":23,"label":"screw","name":"screw 7","obb":{"centroid":[-0.24673649668693542,0.3851505070924759,-0.11156050115823746],"axesLengths":[0.012014999985694885,0.01206699013710022,0.009070992469787598],"normalizedAxes":[0,0,1,0,1,0,-1,0,0],"metadata":{"constrainVertical":true},"min":[-0.2512719929218292,0.3791170120239258,-0.1175680011510849],"max":[-0.24220100045204163,0.391184002161026,-0.10555300116539001]}},{"pid":24,"label":"screw","name":"screw 8","obb":{"centroid":[-0.24673649668693542,0.3851505070924759,0.008302635164000094],"axesLengths":[0.01201533037237823,0.01206699013710022,0.009070992469787598],"normalizedAxes":[0,0,1,0,1,0,-1,0,0],"metadata":{"constrainVertical":true},"min":[-0.2512719929218292,0.3791170120239258,0.002294969977810979],"max":[-0.24220100045204163,0.391184002161026,0.014310300350189209]}},{"pid":25,"label":"arm","name":"arm 1","obb":{"centroid":[0.25588549502412244,0.5527496146118432,-0.0459494978045713],"axesLengths":[0.0494090720372784,0.40200971010870745,0.032500362120127746],"normalizedAxes":[-0.9999999999974629,0.0000022505913204729416,9.769096008339819e-8,-5.509564197531938e-9,-0.04580928032221093,0.998950203882236,0.000002252703811017442,0.998950203879701,0.04580928032210711],"metadata":{"constrainVertical":false},"min":[0.23118092129125195,0.5273085495776858,-0.24748775025531256],"max":[0.28059006875699294,0.5781906796460007,0.15558875464616995]}},{"pid":26,"label":"arm","name":"arm 2","obb":{"centroid":[-0.25587937613393585,0.5527792084720573,-0.0459470703035835],"axesLengths":[0.049932728458310253,0.4020217974962392,0.03320088455095828],"normalizedAxes":[0.9998787649356249,-0.015540068922929109,-0.0009806572691683632,0.0002652875679689426,-0.04596923837299799,0.9989428205587709,-0.015568720349317125,-0.9988219738177958,-0.04595954270233395],"metadata":{"constrainVertical":false},"min":[-0.28115448690024253,0.526570025011216,-0.24753289664428713],"max":[-0.2306042653676292,0.5789883919328986,0.15563875603712013]}},{"pid":27,"label":"wheel","name":"wheel 3","obb":{"centroid":[-0.17108949665557513,0.019832536383294297,-0.25131900117946354],"axesLengths":[0.04926041974324133,0.03966512570018921,0.04165226283981355],"normalizedAxes":[0.8114573779861489,0,-0.5844116047032643,0,1,0,0.5844116047032643,0,0.8114573779861489],"metadata":{"constrainVertical":true},"min":[-0.20324689506011778,-2.64668003069346e-8,-0.28261269965030805],"max":[-0.13893209825103248,0.0396650992333889,-0.22002530270861903]},"baseIds":[12]},{"pid":28,"label":"wheel","name":"wheel 4","obb":{"centroid":[-0.27682844939245504,0.019832543394594282,0.07126794576669399],"axesLengths":[0.04901787885161745,0.03966511167758924,0.04185745813992754],"normalizedAxes":[-0.31146740184651406,0,-0.9502568376954633,0,1,0,0.9502568376954633,0,-0.31146740184651406],"metadata":{"constrainVertical":true},"min":[-0.30434985298043415,-1.2444200336858557e-8,0.0414595416252841],"max":[-0.24930704580447594,0.0396650992333889,0.10107634990810388]},"baseIds":[12]},{"pid":29,"label":"wheel","name":"wheel 5","obb":{"centroid":[0,0.019832547940854428,0.27063749730587006],"axesLengths":[0.04940839856863022,0.039665102585068945,0.041527003049850464],"normalizedAxes":[1,0,0,0,1,0,0,0,1],"metadata":{"constrainVertical":true},"min":[-0.02470419928431511,-3.3516800446165007e-9,0.24987399578094482],"max":[0.02470419928431511,0.0396650992333889,0.2914009988307953]},"baseIds":[12]},{"pid":30,"label":"lever","name":"lever 1","obb":{"centroid":[-0.10468841680803054,0.3197546991410232,-0.0020823000472972924],"axesLengths":[0.17009492504260754,0.009211482703281364,0.04389599896967411],"normalizedAxes":[0.9607741944957328,0.2773318358773025,5.167908812656534e-9,0.2773318358773022,-0.960774194495733,1.6307318627947327e-9,5.417447288039961e-9,-1.3353945325460978e-10,-1],"metadata":{"constrainVertical":false},"min":[-0.18767714292937082,0.2917432527831748,-0.02403029997916261],"max":[-0.02169969068669024,0.34776614549887164,0.019865699884568024]},"baseIds":[10]},{"pid":31,"label":"knob","name":"knob 1","obb":{"centroid":[-4.536304919136737e-8,0.30753685572219774,0.10782809596932491],"axesLengths":[0.050468798726637995,0.05019174846671123,0.05007856246431404],"normalizedAxes":[-0.9999999999968474,0.0000024368381362240063,6.049992919839656e-7,0.0000018266660728000266,0.8714004968333368,-0.4905722924455448,-0.000001722641954424785,-0.4905722924428933,-0.8714004968350413],"metadata":{"constrainVertical":false},"min":[-0.025234533701787024,0.27338465935945644,0.07369749804285486],"max":[0.02523444297568864,0.34168905208493905,0.14195869389579496]},"baseIds":[10]},{"pid":32,"label":"caster","name":"caster 4","obb":{"centroid":[0,0.03431604988873005,0.2734000086784363],"axesLengths":[0.05320000648498535,0.034522298723459244,0.03365740180015564],"normalizedAxes":[0,0,1,0,1,0,-1,0,0],"metadata":{"constrainVertical":true},"min":[-0.01682870090007782,0.017054900527000427,0.2468000054359436],"max":[0.01682870090007782,0.05157719925045967,0.30000001192092896]},"baseIds":[12]},{"pid":33,"label":"caster","name":"caster 5","obb":{"centroid":[0.27943994968227437,0.03431604988873005,0.07210874297944554],"axesLengths":[0.05370623226910236,0.034522298723459244,0.03339121595754541],"normalizedAxes":[0.9518480979212295,0,0.3065700547733542,0,1,0,-0.30657005477335425,0,0.9518480979212297],"metadata":{"constrainVertical":true},"min":[0.24876148871381715,0.017054900527000427,0.047984698997007635],"max":[0.3101184106507316,0.05157719925045967,0.09623278696188345]},"baseIds":[12]}],"connectivityGraph":[[],[2,3,4,7,8,9,10,11,12,15,16],[1],[1],[1],[6],[5,9],[1],[1],[6,1,13,14],[1],[1],[1],[9],[9],[1],[1]],"articulations":[{"pid":2,"type":"Central Rotation","axis":[0,1,0],"origin":[0.1726880817683915,0.03431604988873005,-0.2535004614759138],"rangeMin":-3.141592653589793,"rangeMax":3.141592653589793,"base":[1],"value":0},{"pid":3,"type":"Central Rotation","axis":[0,1,0],"origin":[-0.17268820881031688,0.03431604988873005,-0.25350041136257684],"rangeMin":-3.141592653589793,"rangeMax":3.141592653589793,"base":[1],"value":0},{"pid":4,"type":"Central Rotation","axis":[0,1,0],"origin":[-0.2794399185597632,0.03431604988873005,0.07210891907322665],"rangeMin":-3.141592653589793,"rangeMax":3.141592653589793,"base":[1],"value":0},{"pid":5,"type":"Hinge Rotation","axis":[-1,0,0],"origin":[0,0.3603470027446747,-0.23086650669574738],"rangeMin":-0.3141592653589793,"rangeMax":0.25132741228718347,"base":[6],"value":0},{"pid":6,"type":"Translation","axis":[0,1,0],"origin":[0,0.4065764993429184,0.05126550793647766],"rangeMin":-0.030886992812156677,"rangeMax":0.030886992812156677,"base":[9],"value":0},{"pid":7,"type":"Central Rotation","axis":[-0.3114833270056346,0,0.9502516177294839],"origin":[0.2768285310232935,0.019832543317044316,0.07126754771307525],"rangeMin":-3.141592653589793,"rangeMax":3.141592653589793,"base":[1],"value":0},{"pid":8,"type":"Central Rotation","axis":[-0.8114636493271234,0,-0.5844028968277856],"origin":[0.17108932663571008,0.01983253633534421,-0.2513194582419507],"rangeMin":-3.141592653589793,"rangeMax":3.141592653589793,"base":[1],"value":0},{"pid":9,"type":"Central Rotation","axis":[0,1,0],"origin":[1.3089108911318315e-9,0.1397012546658516,-0.017893296272549243],"rangeMin":-3.141592653589793,"rangeMax":3.141592653589793,"base":[1],"value":0},{"pid":10,"type":"Central Rotation","axis":[0.8114573779861489,0,-0.5844116047032643],"origin":[-0.17108949665557513,0.019832536383294297,-0.25131900117946354],"rangeMin":-3.141592653589793,"rangeMax":3.141592653589793,"base":[1],"value":0},{"pid":11,"type":"Central Rotation","axis":[-0.31146740184651406,0,-0.9502568376954633],"origin":[-0.27682844939245504,0.019832543394594282,0.07126794576669399],"rangeMin":-3.141592653589793,"rangeMax":3.141592653589793,"base":[1],"value":0},{"pid":12,"type":"Central Rotation","axis":[1,0,0],"origin":[0,0.019832547940854428,0.27063749730587006],"rangeMin":-3.141592653589793,"rangeMax":3.141592653589793,"base":[1],"value":0},{"pid":13,"type":"Hinge Rotation","axis":[-0.13127950170753452,0,-0.9913453951229215],"origin":[-0.021680368093770774,0.3463520109653473,0.000868899357443222],"rangeMin":-0.1413716694115407,"rangeMax":0.25132741228718347,"base":[9],"value":0},{"pid":14,"type":"Central Rotation","axis":[0,1,0],"origin":[0.0010679472846793318,0.31059399247169495,0.10447310617651248],"rangeMin":-0.4084070449666731,"rangeMax":0.1413716694115407,"base":[9],"value":0},{"pid":15,"type":"Central Rotation","axis":[0,1,0],"origin":[0,0.03431604988873005,0.2734000086784363],"rangeMin":-3.141592653589793,"rangeMax":3.141592653589793,"base":[1],"value":0},{"pid":16,"type":"Central Rotation","axis":[0,1,0],"origin":[0.27943994968227437,0.03431604988873005,0.07210874297944554],"rangeMin":-3.141592653589793,"rangeMax":3.141592653589793,"base":[1],"value":0}]}