{"version":"articulated-parts@0.0.1","modelId":"p5d.132","metadata":{"connectivity":{"minDist":0.001,"maxDist":0.05,"minConnDist":0.001,"maxConnDist":0.05,"maxConnRelDist":0,"partsAnnId":26605,"condensed":true}},"parts":[null,{"pid":1,"label":"static","name":"static","obb":{"centroid":[0,0.4893969863017855,-4.991888999938965e-7],"axesLengths":[0.6282680034637451,0.9787939847786311,0.44876299798488617],"normalizedAxes":[1,0,0,0,1,0,0,0,1],"metadata":{"constrainVertical":true},"min":[-0.31413400173187256,-6.0875300356144635e-9,-0.22438199818134308],"max":[0.31413400173187256,0.9787939786911011,0.2243809998035431]},"sourcePartIds":[0,1,2,3,5,7,8]},{"pid":2,"label":"faucet handle","name":"faucet handle 1","obb":{"centroid":[-0.1011795960367227,0.9587434828281403,-0.1516426540911204],"axesLengths":[0.04375300695571552,0.022800981998443604,0.04375258548718318],"normalizedAxes":[0.7071066637832424,0,-0.707106898589833,0,1,0,0.7071068985898331,0,0.7071066637832425],"min":[-0.13211749494075753,0.9473429918289185,-0.1825805529952047],"max":[-0.07024169713268788,0.9701439738273621,-0.1207047551870361]},"baseIds":[1],"sourcePartIds":[4],"articulationIds":[0]},{"pid":3,"label":"faucet handle","name":"faucet handle 2","obb":{"centroid":[0.1011795960367227,0.9587434828281403,-0.1516426540911204],"axesLengths":[0.043753006955715525,0.022800981998443604,0.04375258548718318],"normalizedAxes":[0.7071066637832424,0,0.707106898589833,0,1,0,-0.7071068985898331,0,0.7071066637832425],"min":[0.07024169713268788,0.9473429918289185,-0.1825805529952047],"max":[0.13211749494075753,0.9701439738273621,-0.1207047551870361]},"baseIds":[1],"sourcePartIds":[6],"articulationIds":[1]}],"sourceParts":[{"pid":0,"label":"unknown","name":"unknown"},{"pid":1,"label":"sink","name":"sink 1","obb":{"centroid":[0,0.4496364861091433,-4.991888999938965e-7],"axesLengths":[0.6282680034637451,0.8992729843933467,0.44876299798488617],"normalizedAxes":[1,0,0,0,1,0,0,0,1],"metadata":{"constrainVertical":true},"min":[-0.31413400173187256,-6.0875300356144635e-9,-0.22438199818134308],"max":[0.31413400173187256,0.8992729783058167,0.2243809998035431]}},{"pid":2,"label":"faucet base","name":"faucet base 1","obb":{"centroid":[4.8862415807709655e-8,0.9345049858093262,-0.1544350052778962],"axesLengths":[0.05358007186171635,0.0885779857635498,0.025024657670162553],"normalizedAxes":[0.9922548100678588,0,-0.12421912854789062,0,1,0,0.12421912854789065,0,0.992254810067859],"metadata":{"constrainVertical":true},"min":[-0.02813676373586742,0.8902159929275513,-0.17017825866675423],"max":[0.028136861460699037,0.9787939786911011,-0.13869175188903815]}},{"pid":3,"label":"drain","name":"drain 1","obb":{"centroid":[0,0.7956195175647736,0.00013189949095249176],"axesLengths":[0.06130480021238327,0.008539021015167236,0.06130480021238327],"normalizedAxes":[1,0,0,0,1,0,0,0,1],"metadata":{"constrainVertical":true},"min":[-0.030652400106191635,0.7913500070571899,-0.030520500615239143],"max":[0.030652400106191635,0.7998890280723572,0.030784299597144127]}},{"pid":4,"label":"faucet handle","name":"faucet handle 1","obb":{"centroid":[-0.1011795960367227,0.9587434828281403,-0.1516426540911204],"axesLengths":[0.04375300695571552,0.022800981998443604,0.04375258548718318],"normalizedAxes":[0.7071066637832424,0,-0.707106898589833,0,1,0,0.7071068985898331,0,0.7071066637832425],"metadata":{"constrainVertical":true},"min":[-0.13211749494075753,0.9473429918289185,-0.1825805529952047],"max":[-0.07024169713268788,0.9701439738273621,-0.1207047551870361]},"baseIds":[5]},{"pid":5,"label":"faucet handle base","name":"faucet handle base 1","obb":{"centroid":[-0.10117950290441756,0.9225499927997589,-0.15164249017834663],"axesLengths":[0.04084673940652196,0.06505602598190308,0.040846728869809834],"normalizedAxes":[0.707106550644021,0,0.7071070117289989,0,1,0,-0.7071070117289989,0,0.707106550644021],"metadata":{"constrainVertical":true},"min":[-0.13006250560283597,0.8900219798088074,-0.18052549287676747],"max":[-0.07229650020599915,0.9550780057907104,-0.1227594874799258]}},{"pid":6,"label":"faucet handle","name":"faucet handle 2","obb":{"centroid":[0.1011795960367227,0.9587434828281403,-0.1516426540911204],"axesLengths":[0.043753006955715525,0.022800981998443604,0.04375258548718318],"normalizedAxes":[0.7071066637832424,0,0.707106898589833,0,1,0,-0.7071068985898331,0,0.7071066637832425],"metadata":{"constrainVertical":true},"min":[0.07024169713268788,0.9473429918289185,-0.1825805529952047],"max":[0.13211749494075753,0.9701439738273621,-0.1207047551870361]},"baseIds":[7]},{"pid":7,"label":"faucet handle base","name":"faucet handle base 2","obb":{"centroid":[0.10117950290441756,0.9225499927997589,-0.15164249017834663],"axesLengths":[0.04084673940652197,0.06505602598190308,0.040846728869809834],"normalizedAxes":[-0.707106550644021,0,0.7071070117289989,0,1,0,-0.7071070117289989,0,-0.707106550644021],"metadata":{"constrainVertical":true},"min":[0.07229650020599915,0.8900219798088074,-0.18052549287676747],"max":[0.13006250560283597,0.9550780057907104,-0.1227594874799258]}},{"pid":8,"label":"faucet spout","name":"faucet spout 1","obb":{"centroid":[1.0254744496080677e-8,0.9546310981113568,-0.07887892768077773],"axesLengths":[0.019964540460662872,0.13516272630495085,0.032817185054229855],"normalizedAxes":[-1,6.675954491039496e-9,-1.5316146889252968e-9,4.4718900550192316e-10,-0.15950044794619656,-0.9871978561083705,-6.834781189995796e-9,-0.9871978561083703,0.15950044794619653],"metadata":{"constrainVertical":false},"min":[-0.009982260117957721,0.9276533129845576,-0.14821228237131312],"max":[0.009982280627446714,0.9816088832381561,-0.00954557299024232]}}],"connectivityGraph":[[],[2,3],[1],[1]],"articulations":[{"pid":2,"type":"Central Rotation","axis":[0,1,0],"origin":[-0.1011795960367227,0.9587434828281403,-0.1516426540911204],"rangeMin":-3.141592653589793,"rangeMax":3.141592653589793,"base":[1],"value":0},{"pid":3,"type":"Central Rotation","axis":[0,1,0],"origin":[0.1011795960367227,0.9587434828281403,-0.1516426540911204],"rangeMin":-3.141592653589793,"rangeMax":3.141592653589793,"base":[1],"value":0}]}