{"version":"articulated-parts@0.0.1","modelId":"p5d.338","metadata":{"connectivity":{"minDist":0.001,"maxDist":0.05,"minConnDist":0.001,"maxConnDist":0.05,"maxConnRelDist":0,"partsAnnId":25942,"condensed":true}},"parts":[null,{"pid":1,"label":"static","name":"static","obb":{"centroid":[0,0.6389388200859685,0.00046549737453460693],"axesLengths":[0.8992370069026947,1.2778023963728629,0.5166919827461243],"normalizedAxes":[0,0,1,0,1,0,-1,0,0],"metadata":{"constrainVertical":true},"min":[-0.25834599137306213,0.000037621899537043646,-0.44915300607681274],"max":[0.25834599137306213,1.2778400182724,0.45008400082588196]},"sourcePartIds":[1,2,4,5,8,9,10,11,12,13,14,17,18,19,20,21,22,23,24]},{"pid":2,"label":"crank arm","name":"crank arm 1","obb":{"centroid":[-0.004239632610125098,0.30192193722018346,0.0816652919039599],"axesLengths":[0.679356563390406,0.19130288185761485,0.09164218282135964],"normalizedAxes":[-0.7807918064722836,-0.5540995400084064,-0.288682965739615,-0.6247129156477416,0.6996807890975647,0.3466706886812146,0.009895856135060584,0.4510216104914283,-0.8924581664711646],"metadata":{"constrainVertical":false},"min":[-0.32966578127141843,0.026114579472118704,-0.09044699997937082],"max":[0.3211865160511682,0.5777292949682482,0.2537775837872906]},"baseIds":[1],"sourcePartIds":[3,15,7,6,16],"articulationIds":[0]}],"sourceParts":[null,{"pid":1,"label":"panel","name":"panel 1","obb":{"centroid":[1.547289875298763e-19,1.1420794908731928,0.36866837485754517],"axesLengths":[0.11912679672241211,0.17950998818963798,0.024868845535918338],"normalizedAxes":[1,0,0,1.0216451255719031e-17,0.5547597917919512,0.8320105608770547,0,-0.8320105608770547,0.5547597917919512],"metadata":{"constrainVertical":false},"min":[-0.059563398361206055,1.0819414579755111,0.287093154093392],"max":[0.059563398361206055,1.2022175237708745,0.45024359562169836]}},{"pid":2,"label":"body","name":"body 1","obb":{"centroid":[0,0.2633513044565916,-0.02986350655555725],"axesLengths":[0.7352010011672974,0.4420934058725834,0.20094600319862366],"normalizedAxes":[0,0,1,0,1,0,-1,0,0],"metadata":{"constrainVertical":true},"min":[-0.10047300159931183,0.04230460152029991,-0.39746400713920593],"max":[0.10047300159931183,0.4843980073928833,0.33773699402809143]}},{"pid":3,"label":"crank arm","name":"crank arm 1","obb":{"centroid":[1.8398568969276265e-7,0.2831962566270707,0.08292942557437255],"axesLengths":[0.5438663799079062,0.16156680063998838,0.016220501598398065],"normalizedAxes":[-0.7778735664335953,-0.5604813614986799,-0.2842065411922567,-0.6284196980386799,0.6946261873614497,0.3501187554940035,0.0011822693660595576,0.4509491138080681,-0.8925488776503304],"metadata":{"constrainVertical":false},"min":[-0.2623049248521557,0.0710111963079687,-0.029878344610715424],"max":[0.26230529282353504,0.4953813169461727,0.19573719575946052]},"baseIds":[12],"childIds":[15,7,6,16]},{"pid":4,"label":"head tube","name":"head tube 1","obb":{"centroid":[-1.3723612058998225e-7,0.7688658957935666,0.29287981369079175],"axesLengths":[0.041950018353409405,0.7728615596908481,0.19778069804121343],"normalizedAxes":[-0.99999999999774,0.0000015154571993086408,-0.0000014909358675232287,7.551781805007782e-7,0.9087993416091713,0.4172334558615437,0.00000198726097926441,0.41723345585947497,-0.908799341608262],"metadata":{"constrainVertical":false},"min":[-0.020975634757802935,0.37641746363278056,0.04177644861088198],"max":[0.020975360285561757,1.1613143279543525,0.5439831787707015]}},{"pid":5,"label":"seat","name":"seat 1","obb":{"centroid":[-0.016322385175093074,0.9572175145149231,-0.11674822103155033],"axesLengths":[0.2845447170174201,0.0655210018157959,0.2357193725834087],"normalizedAxes":[-0.47441671298101995,0,0.880300393300085,0,1,0,-0.8803003933000852,0,-0.47441671298102006],"metadata":{"constrainVertical":true},"min":[-0.18757069804366455,0.9244570136070251,-0.2979052391459831],"max":[0.1549259276934784,0.989978015422821,0.06440879708288241]}},{"pid":6,"label":"pedal","name":"pedal 1","obb":{"centroid":[0.19738899916410446,0.4390749931335449,0.1574850007891655],"axesLengths":[0.11027999222278595,0.04601198434829712,0.09366799890995026],"normalizedAxes":[1,0,0,0,1,0,0,0,1],"metadata":{"constrainVertical":true},"min":[0.1422490030527115,0.41606900095939636,0.11065100133419037],"max":[0.25252899527549744,0.4620809853076935,0.20431900024414062]}},{"pid":7,"label":"pedal","name":"pedal 2","obb":{"centroid":[-0.19736399501562119,0.14558099955320358,0.008023399859666824],"axesLengths":[0.11027999222278595,0.04601199924945831,0.09366799890995026],"normalizedAxes":[1,0,0,0,1,0,0,0,1],"metadata":{"constrainVertical":true},"min":[-0.25250399112701416,0.12257499992847443,-0.038810599595308304],"max":[-0.1422239989042282,0.16858699917793274,0.05485739931464195]}},{"pid":8,"label":"handlebar","name":"handlebar 1","obb":{"centroid":[-3.988891888401873e-10,1.1165844357618357,0.3800526054163168],"axesLengths":[0.4944359958171842,0.31241624340834895,0.10974767354033191],"normalizedAxes":[-0.9999999999999996,-2.9293874724478837e-8,5.220049108246372e-10,-2.8490917480927328e-8,0.9764352426943472,0.21581060405927768,-6.831632791315282e-9,0.21581060405927763,-0.9764352426943479],"metadata":{"constrainVertical":false},"min":[-0.24721800313287182,0.9522149574323993,0.29276048805907773],"max":[0.24721800233509342,1.2809539140912722,0.4673447227735559]}},{"pid":9,"label":"seatpost piece","name":"seatpost piece 1","obb":{"centroid":[-5.029186977248346e-8,0.7607789395109197,-0.08604004985326759],"axesLengths":[0.03140969953310879,0.41922558770601653,0.031313230336142014],"normalizedAxes":[-0.9999999999957883,6.186285039153639e-7,0.0000028355680345925867,-1.1409901595347831e-12,-0.9770187790699904,0.2131532438049807,0.0000029022658914473242,0.21315324380408301,0.9770187790658756],"metadata":{"constrainVertical":false},"min":[-0.015704945498257367,0.5526460355576697,-0.14601654837404401],"max":[0.01570484491451782,0.9689118434641697,-0.026063551332491164]}},{"pid":10,"label":"base","name":"base 1","obb":{"centroid":[0,0.22644530805155227,0],"axesLengths":[0.8983060121536255,0.45281537230403046,0.5166919827461243],"normalizedAxes":[0,0,1,0,1,0,-1,0,0],"metadata":{"constrainVertical":true},"min":[-0.25834599137306213,0.000037621899537043646,-0.44915300607681274],"max":[0.25834599137306213,0.4528529942035675,0.44915300607681274]}},{"pid":11,"label":"wheel","name":"wheel 1","obb":{"centroid":[1.3877787807814457e-17,0.29147300124168396,-0.22905324399471283],"axesLengths":[0.28722409534973625,0.32311201095581055,0.2352050483067364],"normalizedAxes":[-0.6045849695855023,0,0.7965406546757655,0,1,0,-0.7965406546757657,0,-0.6045849695855025],"metadata":{"constrainVertical":true},"min":[-0.18050087705626833,0.1299169957637787,-0.41454679695742197],"max":[0.18050087705626833,0.45302900671958923,-0.04355969103200369]}},{"pid":12,"label":"axle","name":"axle 1","obb":{"centroid":[0,0.28319600224494934,0.08292974904179573],"axesLengths":[0.18765200674533844,0.03539198637008667,0.03539250046014786],"normalizedAxes":[1,0,0,0,1,0,0,0,1],"metadata":{"constrainVertical":true},"min":[-0.09382600337266922,0.265500009059906,0.0652334988117218],"max":[0.09382600337266922,0.3008919954299927,0.10062599927186966]}},{"pid":13,"label":"axle","name":"axle 2","obb":{"centroid":[0,0.29147300124168396,-0.22905350476503372],"axesLengths":[0.20737400650978088,0.02069997787475586,0.023902997374534607],"normalizedAxes":[1,0,0,0,1,0,0,0,1],"metadata":{"constrainVertical":true},"min":[-0.10368700325489044,0.28112301230430603,-0.24100500345230103],"max":[0.10368700325489044,0.3018229901790619,-0.21710200607776642]}},{"pid":14,"label":"wheel cover","name":"wheel cover 1","obb":{"centroid":[3.577141852587762e-8,0.3620195648573094,-0.31593312813622515],"axesLengths":[0.10508066424294794,0.4101109761925019,0.18706255778946793],"normalizedAxes":[-0.9999999999994982,-6.794397670713485e-7,7.365836593626114e-7,-7.188251603000495e-8,0.7817862649535134,0.6235464986109938,-9.995132756532952e-7,0.6235464986106277,-0.7817862649531696],"metadata":{"constrainVertical":false},"min":[-0.052540404575688426,0.14338886354694524,-0.5169162676433681],"max":[0.052540476118525484,0.5806502661676736,-0.11494998862908218]}},{"pid":15,"label":"pedal strap","name":"pedal strap 1","obb":{"centroid":[-0.20703324625384842,0.16754407101510232,0.009610181784328355],"axesLengths":[0.18026730611992947,0.12822779524908565,0.044323432842341665],"normalizedAxes":[-0.5976155406331259,-0.6983466606524674,-0.393913197480516,-0.7458948288648386,0.6644491477383058,-0.04634904899273768,0.29410299193729594,0.26611890505070485,-0.9179782995845518],"metadata":{"constrainVertical":false},"min":[-0.31523856985896626,0.05610145904541322,-0.04921024663141859],"max":[-0.0988279226487306,0.27898668298479146,0.06843061020007529]}},{"pid":16,"label":"pedal strap","name":"pedal strap 2","obb":{"centroid":[0.20705792034638992,0.46103831418200747,0.15907148037452035],"axesLengths":[0.18026680296985523,0.12822776604543906,0.04432331498680793],"normalizedAxes":[-0.5976136691610987,0.6983477602326561,0.3939140873462648,0.7458967916982875,0.6644470430316118,-0.046347633604642155,-0.2941018166656073,0.26612127458093343,-0.9179779891965869],"metadata":{"constrainVertical":false},"min":[0.09885284419191503,0.3495958866021661,0.10025122324680429],"max":[0.3152629965008648,0.5724807417618488,0.2178917375022364]}},{"pid":17,"label":"knob","name":"knob 1","obb":{"centroid":[-0.03576571737626311,0.5367604731648731,-0.03753743743796831],"axesLengths":[0.03704603022385958,0.049985707908228046,0.04998577607693851],"normalizedAxes":[-0.9999999999990026,5.915414730115777e-7,-0.000001282476980316838,7.829542941100538e-8,0.9298822621838784,0.3678572800364116,0.000001410155432946542,0.36785728003594426,-0.9298822621829972],"metadata":{"constrainVertical":false},"min":[-0.05428876968885751,0.5043262348203844,-0.0699717077369146],"max":[-0.017242665063668713,0.5691947115093617,-0.005103167139022001]}},{"pid":18,"label":"seatpost piece","name":"seatpost piece 2","obb":{"centroid":[-4.93542620240288e-8,0.5101753391284659,-0.031553304765847265],"axesLengths":[0.050613700024689914,0.1097836499013491,0.05060960877635757],"normalizedAxes":[-0.9999999999959335,6.264824744858396e-7,0.000002782186801966495,1.0762457625589811e-10,-0.9755646217687861,0.2197126959306765,0.000002851849168573157,0.21971269592978326,0.9755646217648186],"metadata":{"constrainVertical":false},"min":[-0.025306971537897134,0.4510650140358621,-0.06830027794048521],"max":[0.025306872829373085,0.5692856642210697,0.005193668408790673]}},{"pid":19,"label":"knob","name":"knob 2","obb":{"centroid":[2.0023435354232788e-8,0.9696424603462219,0.28894050419330597],"axesLengths":[0.031430989503860474,0.06537497043609619,0.011813060380518436],"normalizedAxes":[0,0,1,0,1,0,-1,0,0],"metadata":{"constrainVertical":true},"min":[-0.005906510166823864,0.9369549751281738,0.27322500944137573],"max":[0.0059065502136945724,1.00232994556427,0.3046559989452362]}},{"pid":20,"label":"clamp","name":"clamp 1","obb":{"centroid":[4.936009645462036e-8,0.9813685119152069,0.3273870050907135],"axesLengths":[0.06146029941737652,0.06910306215286255,0.04886198043823242],"normalizedAxes":[1,0,0,0,1,0,0,0,1],"metadata":{"constrainVertical":true},"min":[-0.030730100348591805,0.9468169808387756,0.3029560148715973],"max":[0.030730199068784714,1.0159200429916382,0.3518179953098297]}},{"pid":21,"label":"bolt","name":"bolt 1","obb":{"centroid":[0,0.5266045071184546,0.1308084987185459],"axesLengths":[0.00884880032390356,0.0076638443734556114,0.002384472256543354],"normalizedAxes":[1,0,0,0,0.7063326796739989,0.7078800361816598,0,-0.7078800361816598,0.7063326796739989],"metadata":{"constrainVertical":false},"min":[-0.00442440016195178,0.5230539350983829,0.12725384216307345],"max":[0.00442440016195178,0.5301550791385263,0.13436315527401838]}},{"pid":22,"label":"bolt","name":"bolt 2","obb":{"centroid":[0.021256850101053715,0.519600510597229,0.155301995575428],"axesLengths":[0.008847996592521667,0.00766301155090332,0.0023834984749555588],"normalizedAxes":[0,0,1,0,1,0,-1,0,0],"metadata":{"constrainVertical":true},"min":[0.020065100863575935,0.5157690048217773,0.15087799727916718],"max":[0.022448599338531494,0.5234320163726807,0.15972599387168884]}},{"pid":23,"label":"bolt","name":"bolt 3","obb":{"centroid":[-1.0028532247679352e-12,0.5437682369879422,0.1480092264763787],"axesLengths":[0.00884880046913552,0.007776518162838836,0.0027775256372062247],"normalizedAxes":[-0.9999999999959917,-0.0000020425028250429407,-0.000001961017288260203,-0.0000028301879908890994,0.7421158034378015,0.6702716869149826,8.627010636248973e-8,0.6702716869178457,-0.7421158034406072],"metadata":{"constrainVertical":false},"min":[-0.004424411359865752,0.5399518410417564,0.14437240499147178],"max":[0.004424411357860046,0.547584632934128,0.15164604796128564]}},{"pid":24,"label":"bolt","name":"bolt 4","obb":{"centroid":[-0.021256850101053715,0.519600510597229,0.155301995575428],"axesLengths":[0.008847996592521667,0.00766301155090332,0.0023834984749555588],"normalizedAxes":[0,0,1,0,1,0,-1,0,0],"metadata":{"constrainVertical":true},"min":[-0.022448599338531494,0.5157690048217773,0.15087799727916718],"max":[-0.020065100863575935,0.5234320163726807,0.15972599387168884]}}],"connectivityGraph":[[],[2],[1]],"articulations":[{"pid":2,"type":"Central Rotation","axis":[0.9601337565291849,0,0.27954099801845866],"origin":[-2.5832212058665704e-8,0.28319600224494934,0.08292959250918758],"rangeMin":-3.141592653589793,"rangeMax":3.141592653589793,"base":[1],"value":0}]}