{"version":"articulated-parts@0.0.1","modelId":"p5d.181","metadata":{"connectivity":{"minDist":0.001,"maxDist":0.05,"minConnDist":0.001,"maxConnDist":0.05,"maxConnRelDist":0,"partsAnnId":27675,"condensed":true}},"parts":[null,{"pid":1,"label":"static","name":"static","obb":{"centroid":[0,0.693249985575676,0],"axesLengths":[0.9599999785423279,0.6864999830722809,0.4399999976158142],"normalizedAxes":[1,0,0,0,1,0,0,0,1],"metadata":{"constrainVertical":true},"min":[-0.47999998927116394,0.3499999940395355,-0.2199999988079071],"max":[0.47999998927116394,1.0364999771118164,0.2199999988079071]},"sourcePartIds":[1,2,3,4,5]},{"pid":2,"label":"cabinet door","name":"cabinet door 1","obb":{"centroid":[0.22957806288832217,0.5384780019521713,0.19906900078058243],"axesLengths":[0.45903787017596187,0.3769560158252716,0.02197800576686859],"normalizedAxes":[1,0,0,0,1,0,0,0,1],"min":[0.000059127800341229886,0.3499999940395355,0.18807999789714813],"max":[0.4590969979763031,0.7269560098648071,0.21005800366401672]},"baseIds":[1],"sourcePartIds":[6],"articulationIds":[0]},{"pid":3,"label":"cabinet door","name":"cabinet door 2","obb":{"centroid":[-0.22957806288832217,0.5384780019521713,0.19906900078058243],"axesLengths":[0.45903787017596187,0.3769560158252716,0.02197800576686859],"normalizedAxes":[1,0,0,0,1,0,0,0,1],"min":[-0.4590969979763031,0.3499999940395355,0.18807999789714813],"max":[-0.000059127800341229886,0.7269560098648071,0.21005800366401672]},"baseIds":[1],"sourcePartIds":[7],"articulationIds":[1]}],"sourceParts":[null,{"pid":1,"label":"cabinet","name":"cabinet 1","obb":{"centroid":[0,0.5501249879598618,-0.016180500388145447],"axesLengths":[0.919327974319458,0.40024998784065247,0.4076389968395233],"normalizedAxes":[1,0,0,0,1,0,0,0,1],"metadata":{"constrainVertical":true},"min":[-0.459663987159729,0.3499999940395355,-0.2199999988079071],"max":[0.459663987159729,0.750249981880188,0.1876389980316162]}},{"pid":2,"label":"sink","name":"sink 1","obb":{"centroid":[-0.08942700764127427,0.8644619882106781,-0.022810996274301498],"axesLengths":[0.4951881240527892,0.15224796533584595,0.3641162494353447],"normalizedAxes":[-0.9981257076998534,0,0.0611969903562794,0,1,0,-0.061196990356279415,0,-0.9981257076998536],"metadata":{"constrainVertical":true},"min":[-0.3476984153262805,0.7883380055427551,-0.21967990227673775],"max":[0.16884440004373197,0.9405859708786011,0.17405790972813476]}},{"pid":3,"label":"faucet","name":"faucet 1","obb":{"centroid":[0.07909350911507751,0.9219886500058511,-0.1444052873811492],"axesLengths":[0.024482506722070866,0.26703696360928364,0.13252504097471418],"normalizedAxes":[-0.7791817201246627,-0.0007993068746310339,-0.6267975814663714,-0.3755036675172382,0.8012820379552394,0.46577257468790567,0.5018693482418268,0.5982862665637727,-0.6246444593018545],"metadata":{"constrainVertical":false},"min":[-0.013836459304083115,0.7753489482872862,-0.2556578387023348],"max":[0.17202347753423813,1.068628351724416,-0.03315273605996355]}},{"pid":4,"label":"countertop","name":"countertop 1","obb":{"centroid":[0,0.7700000107288361,0],"axesLengths":[0.9599999785423279,0.04000002145767212,0.4399999976158142],"normalizedAxes":[1,0,0,0,1,0,0,0,1],"metadata":{"constrainVertical":true},"min":[-0.47999998927116394,0.75,-0.2199999988079071],"max":[0.47999998927116394,0.7900000214576721,0.2199999988079071]}},{"pid":5,"label":"drain","name":"drain 1","obb":{"centroid":[-0.08637149337672714,0.8147415220737457,-0.020831083409406877],"axesLengths":[0.03802525340127165,0.010351002216339111,0.038025106017756195],"normalizedAxes":[0.9807850881686279,0,0.19509128844224927,0,1,0,-0.19509128844224927,0,0.9807850881686279],"metadata":{"constrainVertical":true},"min":[-0.10872797759470605,0.8095660209655762,-0.04318750972822864],"max":[-0.06401500915874823,0.8199170231819153,0.001525342909414893]}},{"pid":6,"label":"cabinet door","name":"cabinet door 1","obb":{"centroid":[0.22957806288832217,0.5384780019521713,0.19906900078058243],"axesLengths":[0.45903787017596187,0.3769560158252716,0.02197800576686859],"normalizedAxes":[1,0,0,0,1,0,0,0,1],"metadata":{"constrainVertical":true},"min":[0.000059127800341229886,0.3499999940395355,0.18807999789714813],"max":[0.4590969979763031,0.7269560098648071,0.21005800366401672]},"baseIds":[1]},{"pid":7,"label":"cabinet door","name":"cabinet door 2","obb":{"centroid":[-0.22957806288832217,0.5384780019521713,0.19906900078058243],"axesLengths":[0.45903787017596187,0.3769560158252716,0.02197800576686859],"normalizedAxes":[1,0,0,0,1,0,0,0,1],"metadata":{"constrainVertical":true},"min":[-0.4590969979763031,0.3499999940395355,0.18807999789714813],"max":[-0.000059127800341229886,0.7269560098648071,0.21005800366401672]},"baseIds":[1]}],"connectivityGraph":[[],[2,3],[1],[1]],"articulations":[{"pid":2,"type":"Hinge Rotation","axis":[0,1,0],"origin":[0.4590969979763031,0.5384780019521713,0.18807999789714813],"rangeMin":0,"rangeMax":1.4922565104551517,"base":[1],"value":0},{"pid":3,"type":"Hinge Rotation","axis":[0,1,0],"origin":[-0.4596639871597292,0.5384780019521713,0.17709099501371384],"rangeMin":-1.7592918860102844,"rangeMax":0,"base":[1],"value":0}]}